ImageNumber	ObjectNumber	Cluster
1	1	1
1	10	1
1	11	1
1	12	2
1	13	2
1	14	1
1	15	3
1	16	1
1	17	1
1	18	1
1	19	3
1	2	3
1	20	1
1	21	1
1	22	3
1	23	1
1	24	1
1	25	3
1	26	3
1	27	1
1	28	2
1	29	3
1	3	1
1	30	1
1	31	3
1	32	1
1	33	2
1	34	2
1	4	1
1	5	3
1	6	1
1	7	3
1	8	1
1	9	3
10	1	2
10	10	1
10	11	1
10	12	1
10	2	1
10	3	3
10	4	2
10	5	1
10	6	1
10	7	1
10	8	3
10	9	1
100	1	3
100	10	3
100	11	3
100	12	3
100	13	3
100	14	1
100	15	3
100	16	1
100	17	3
100	18	3
100	19	3
100	2	2
100	20	1
100	21	3
100	22	3
100	23	2
100	24	2
100	25	1
100	26	3
100	27	1
100	28	1
100	29	3
100	3	2
100	30	1
100	31	1
100	32	1
100	4	2
100	5	3
100	6	2
100	7	1
100	8	3
100	9	1
101	1	3
101	10	3
101	11	3
101	12	1
101	13	3
101	14	3
101	15	3
101	16	2
101	17	3
101	18	1
101	19	3
101	2	1
101	20	1
101	21	3
101	22	1
101	23	2
101	24	2
101	25	1
101	26	3
101	27	1
101	28	1
101	29	1
101	3	3
101	30	3
101	31	1
101	33	1
101	34	1
101	35	2
101	36	3
101	37	1
101	38	3
101	39	3
101	4	2
101	40	1
101	41	1
101	42	3
101	43	2
101	44	3
101	5	1
101	6	3
101	7	2
101	8	2
101	9	1
102	1	1
102	10	3
102	11	1
102	12	3
102	13	1
102	14	1
102	15	1
102	16	3
102	17	3
102	18	1
102	19	3
102	2	1
102	20	3
102	21	1
102	22	1
102	23	1
102	24	1
102	25	1
102	26	2
102	3	1
102	4	1
102	5	1
102	6	1
102	7	1
102	8	3
102	9	3
103	1	3
103	10	2
103	11	1
103	12	3
103	13	3
103	14	3
103	15	1
103	16	2
103	17	3
103	18	2
103	19	3
103	2	1
103	20	3
103	21	1
103	22	1
103	23	3
103	24	3
103	25	3
103	26	3
103	27	1
103	28	3
103	29	3
103	3	1
103	30	3
103	31	1
103	32	3
103	33	3
103	34	1
103	35	1
103	36	3
103	37	3
103	38	3
103	39	1
103	4	1
103	40	3
103	41	3
103	42	1
103	5	3
103	6	2
103	7	3
103	8	1
103	9	3
104	1	1
104	10	1
104	11	2
104	12	3
104	13	1
104	14	1
104	15	1
104	16	2
104	17	1
104	18	1
104	19	3
104	2	1
104	20	1
104	21	3
104	22	1
104	23	3
104	24	2
104	25	1
104	26	1
104	27	3
104	28	3
104	29	1
104	30	3
104	31	1
104	32	1
104	33	1
104	34	3
104	35	1
104	36	1
104	37	3
104	39	3
104	4	3
104	40	1
104	41	2
104	5	1
104	6	1
104	7	3
104	8	2
104	9	1
105	1	3
105	10	3
105	11	1
105	12	3
105	13	3
105	14	1
105	15	1
105	16	2
105	17	3
105	18	1
105	19	3
105	2	1
105	20	1
105	21	1
105	22	3
105	23	3
105	24	2
105	3	1
105	4	3
105	5	1
105	6	1
105	7	3
105	8	3
105	9	2
106	1	1
106	10	1
106	11	1
106	12	3
106	13	3
106	14	1
106	15	3
106	16	1
106	17	1
106	18	1
106	19	3
106	2	1
106	20	3
106	21	1
106	22	1
106	23	2
106	24	1
106	25	1
106	26	1
106	27	2
106	28	3
106	29	3
106	3	3
106	30	1
106	31	3
106	32	3
106	33	1
106	34	3
106	35	2
106	36	3
106	37	1
106	38	3
106	39	2
106	40	2
106	41	1
106	42	3
106	5	1
106	6	1
106	7	1
106	8	1
106	9	2
107	1	1
107	10	2
107	11	2
107	12	2
107	13	3
107	14	2
107	15	1
107	16	3
107	17	1
107	18	3
107	19	3
107	2	2
107	20	3
107	21	2
107	22	3
107	23	1
107	24	2
107	25	1
107	26	3
107	27	2
107	28	1
107	29	2
107	3	1
107	30	2
107	31	1
107	32	2
107	33	1
107	34	2
107	35	2
107	36	3
107	37	1
107	38	3
107	39	1
107	4	3
107	40	2
107	41	2
107	42	2
107	43	1
107	44	3
107	45	3
107	46	3
107	47	3
107	48	2
107	49	2
107	50	1
107	51	2
107	52	2
107	53	2
107	54	2
107	55	1
107	56	2
107	57	2
107	58	3
107	59	3
107	6	1
107	60	2
107	61	2
107	62	2
107	7	2
107	8	2
107	9	2
108	1	3
108	10	2
108	11	1
108	12	1
108	13	2
108	14	3
108	15	3
108	16	1
108	17	1
108	18	3
108	19	1
108	2	3
108	20	1
108	21	2
108	22	1
108	23	1
108	24	2
108	25	3
108	26	1
108	27	3
108	29	2
108	3	1
108	30	2
108	31	3
108	32	1
108	33	1
108	34	1
108	35	2
108	4	1
108	5	1
108	6	2
108	7	2
108	8	2
108	9	1
109	1	1
109	10	1
109	11	1
109	12	1
109	13	2
109	14	1
109	15	2
109	16	3
109	17	1
109	18	1
109	19	2
109	2	2
109	20	2
109	21	2
109	22	2
109	23	2
109	24	1
109	25	2
109	26	3
109	27	1
109	28	1
109	29	2
109	3	1
109	30	2
109	31	2
109	32	1
109	33	3
109	34	2
109	35	2
109	36	3
109	37	2
109	38	2
109	39	2
109	4	3
109	40	3
109	41	2
109	42	2
109	43	3
109	44	1
109	45	3
109	46	1
109	47	2
109	48	3
109	49	3
109	5	3
109	50	2
109	51	3
109	52	1
109	6	3
109	7	1
109	8	1
109	9	1
11	1	2
11	10	3
11	11	1
11	12	1
11	13	1
11	14	3
11	15	2
11	16	1
11	17	1
11	18	1
11	2	1
11	3	1
11	4	1
11	5	2
11	6	1
11	7	2
11	9	1
110	1	1
110	10	2
110	11	1
110	12	2
110	13	2
110	14	2
110	15	3
110	16	1
110	17	3
110	18	3
110	19	3
110	2	2
110	20	1
110	21	1
110	22	1
110	23	1
110	24	1
110	25	1
110	26	1
110	27	1
110	28	1
110	29	2
110	3	2
110	30	3
110	31	1
110	32	1
110	33	2
110	34	1
110	35	1
110	36	2
110	37	2
110	38	2
110	39	3
110	4	3
110	40	1
110	41	3
110	42	1
110	43	2
110	44	3
110	45	1
110	46	2
110	47	3
110	48	1
110	49	2
110	5	3
110	50	2
110	51	1
110	52	3
110	6	1
110	7	1
110	8	2
110	9	2
111	1	3
111	10	3
111	12	1
111	13	2
111	14	1
111	15	1
111	17	1
111	18	2
111	19	3
111	2	3
111	20	1
111	21	3
111	22	2
111	23	3
111	24	1
111	25	1
111	26	1
111	27	1
111	28	1
111	3	2
111	4	1
111	5	1
111	6	3
111	7	3
111	8	2
111	9	2
112	1	1
112	10	3
112	11	1
112	12	1
112	13	2
112	14	2
112	15	1
112	16	3
112	17	1
112	18	3
112	19	3
112	2	2
112	20	1
112	21	3
112	22	2
112	23	3
112	24	1
112	25	3
112	26	3
112	27	1
112	28	1
112	29	3
112	3	2
112	30	1
112	31	3
112	32	1
112	4	2
112	5	2
112	6	3
112	7	3
112	8	1
112	9	3
113	1	3
113	10	3
113	11	3
113	12	1
113	13	3
113	14	1
113	15	3
113	16	1
113	18	2
113	19	1
113	2	1
113	20	2
113	21	3
113	22	3
113	23	1
113	24	1
113	25	3
113	26	1
113	27	3
113	28	1
113	29	1
113	3	3
113	30	1
113	31	2
113	32	3
113	33	3
113	34	1
113	35	2
113	36	3
113	37	3
113	38	3
113	39	1
113	4	3
113	5	2
113	6	1
113	7	1
113	8	1
113	9	1
114	1	3
114	10	1
114	11	3
114	12	3
114	13	2
114	14	1
114	15	2
114	16	2
114	17	2
114	18	3
114	19	2
114	2	3
114	20	1
114	21	1
114	22	3
114	23	3
114	24	2
114	25	3
114	26	1
114	27	3
114	28	3
114	29	3
114	3	1
114	30	1
114	31	3
114	32	3
114	33	3
114	34	1
114	35	2
114	36	1
114	38	1
114	39	3
114	4	2
114	40	3
114	41	1
114	42	1
114	43	3
114	44	1
114	45	1
114	46	2
114	47	3
114	48	2
114	49	2
114	5	3
114	50	3
114	6	3
114	7	2
114	8	1
114	9	2
115	1	1
115	10	1
115	11	2
115	12	1
115	13	1
115	14	3
115	15	1
115	16	3
115	17	2
115	18	2
115	19	1
115	2	2
115	20	1
115	21	1
115	22	1
115	23	2
115	24	2
115	25	3
115	26	3
115	27	1
115	28	1
115	29	1
115	30	3
115	31	1
115	32	1
115	33	3
115	35	1
115	36	1
115	37	1
115	38	3
115	39	1
115	4	1
115	40	1
115	41	3
115	42	2
115	43	3
115	5	3
115	6	2
115	7	1
115	8	1
115	9	1
116	1	3
116	10	2
116	11	2
116	12	1
116	13	2
116	14	2
116	15	3
116	16	3
116	17	1
116	18	3
116	19	3
116	2	1
116	20	2
116	21	1
116	22	3
116	23	2
116	24	2
116	25	1
116	26	1
116	27	2
116	28	2
116	29	2
116	3	3
116	30	3
116	31	1
116	32	3
116	33	3
116	34	3
116	35	3
116	36	2
116	37	2
116	38	1
116	39	1
116	4	2
116	40	1
116	41	1
116	42	3
116	43	3
116	44	1
116	45	2
116	46	2
116	47	3
116	48	1
116	49	1
116	5	3
116	50	3
116	51	2
116	52	1
116	53	3
116	54	1
116	55	3
116	56	3
116	57	1
116	58	1
116	59	2
116	6	2
116	60	3
116	61	1
116	62	1
116	63	1
116	64	2
116	65	3
116	66	1
116	67	2
116	68	1
116	69	2
116	7	2
116	70	3
116	71	3
116	72	3
116	73	2
116	74	1
116	75	2
116	76	1
116	78	3
116	79	3
116	8	1
116	80	3
116	81	2
116	82	1
116	83	1
116	9	1
117	1	3
117	10	2
117	11	1
117	12	1
117	13	2
117	14	1
117	15	3
117	16	3
117	17	3
117	18	1
117	19	3
117	2	3
117	20	3
117	21	3
117	22	1
117	23	2
117	24	1
117	25	1
117	26	3
117	27	1
117	28	1
117	29	2
117	3	3
117	30	3
117	31	3
117	32	2
117	33	2
117	34	2
117	35	2
117	36	3
117	37	3
117	38	3
117	39	1
117	4	2
117	40	2
117	41	1
117	42	1
117	43	1
117	44	2
117	45	2
117	46	1
117	47	2
117	48	3
117	49	2
117	5	2
117	50	2
117	51	3
117	52	2
117	53	3
117	54	2
117	55	2
117	56	2
117	57	2
117	58	1
117	59	3
117	6	3
117	60	2
117	61	1
117	62	1
117	63	1
117	64	2
117	65	3
117	66	1
117	67	1
117	68	1
117	69	1
117	7	3
117	70	1
117	71	1
117	72	2
117	73	2
117	74	1
117	75	2
117	76	1
117	8	1
117	9	1
118	1	3
118	10	1
118	11	3
118	12	1
118	13	1
118	14	3
118	15	2
118	16	3
118	17	1
118	18	1
118	19	2
118	2	2
118	20	2
118	21	1
118	22	3
118	23	3
118	24	3
118	25	3
118	26	1
118	27	3
118	28	1
118	29	1
118	3	3
118	30	3
118	31	1
118	32	2
118	33	2
118	34	1
118	35	1
118	36	1
118	37	2
118	38	3
118	39	2
118	4	1
118	40	2
118	41	1
118	42	3
118	43	3
118	44	1
118	45	3
118	46	2
118	47	2
118	48	2
118	49	1
118	5	1
118	50	1
118	51	2
118	52	1
118	53	2
118	54	1
118	55	2
118	56	2
118	57	2
118	58	3
118	59	3
118	6	2
118	60	2
118	61	2
118	62	3
118	63	3
118	64	1
118	65	2
118	66	2
118	67	1
118	68	1
118	69	3
118	7	1
118	70	2
118	71	2
118	72	3
118	73	2
118	74	1
118	75	2
118	76	3
118	77	2
118	78	1
118	79	3
118	8	3
118	80	3
118	9	1
119	1	3
119	10	3
119	11	1
119	12	2
119	13	3
119	14	3
119	15	2
119	16	2
119	17	1
119	19	2
119	2	3
119	20	2
119	21	3
119	22	2
119	23	3
119	24	2
119	25	3
119	26	3
119	27	2
119	28	2
119	29	3
119	3	1
119	30	1
119	31	2
119	32	1
119	33	1
119	34	3
119	35	1
119	36	3
119	37	1
119	38	3
119	39	2
119	4	1
119	40	3
119	41	3
119	42	2
119	43	2
119	44	3
119	45	2
119	46	2
119	47	1
119	48	3
119	49	1
119	5	2
119	50	2
119	51	1
119	52	3
119	6	2
119	7	3
119	8	3
119	9	2
12	1	2
12	10	1
12	11	1
12	12	3
12	13	1
12	14	1
12	15	1
12	16	1
12	17	1
12	18	2
12	2	3
12	20	2
12	21	3
12	22	3
12	23	1
12	24	3
12	25	2
12	3	1
12	4	1
12	5	3
12	6	1
12	7	1
12	8	3
12	9	2
120	1	2
120	10	3
120	11	3
120	12	3
120	13	2
120	14	1
120	15	2
120	16	1
120	17	2
120	18	2
120	19	2
120	2	1
120	20	3
120	21	3
120	22	2
120	23	1
120	24	3
120	25	3
120	26	2
120	27	3
120	28	3
120	29	3
120	3	1
120	30	2
120	31	2
120	32	2
120	33	1
120	34	1
120	36	1
120	37	1
120	38	3
120	39	3
120	4	1
120	40	2
120	41	3
120	42	2
120	43	1
120	44	1
120	45	3
120	46	3
120	47	3
120	48	3
120	5	2
120	6	1
120	7	2
120	8	2
120	9	3
121	1	3
121	10	3
121	11	2
121	12	3
121	13	1
121	14	3
121	15	2
121	16	3
121	17	3
121	18	1
121	19	3
121	2	2
121	20	3
121	21	3
121	22	3
121	23	1
121	25	2
121	26	3
121	27	1
121	28	3
121	29	2
121	3	2
121	30	3
121	31	1
121	32	1
121	33	1
121	34	1
121	35	1
121	36	3
121	37	3
121	38	2
121	39	1
121	4	1
121	40	1
121	41	1
121	42	3
121	43	2
121	44	3
121	45	1
121	46	1
121	47	2
121	5	2
121	6	3
121	7	3
121	8	3
121	9	3
122	1	1
122	10	2
122	11	3
122	12	3
122	13	1
122	14	1
122	15	1
122	16	1
122	17	3
122	18	3
122	19	2
122	2	1
122	20	2
122	21	1
122	22	3
122	23	1
122	24	1
122	25	2
122	26	3
122	27	2
122	28	1
122	29	2
122	3	1
122	30	3
122	31	1
122	32	1
122	33	1
122	34	1
122	35	2
122	36	3
122	37	3
122	38	2
122	39	1
122	4	1
122	40	1
122	41	2
122	42	1
122	43	1
122	44	1
122	45	2
122	46	3
122	47	2
122	48	1
122	49	3
122	5	3
122	50	1
122	51	1
122	52	3
122	53	1
122	54	3
122	55	2
122	56	1
122	57	3
122	58	3
122	59	1
122	6	1
122	60	2
122	61	1
122	62	3
122	63	2
122	64	3
122	65	3
122	66	2
122	67	2
122	68	3
122	69	1
122	7	1
122	8	1
122	9	3
123	1	1
123	10	1
123	11	2
123	12	1
123	13	1
123	14	1
123	15	1
123	16	3
123	17	1
123	19	1
123	2	1
123	20	1
123	22	3
123	23	3
123	24	1
123	25	1
123	26	2
123	28	3
123	29	3
123	3	2
123	30	2
123	31	2
123	32	1
123	33	1
123	34	2
123	35	2
123	4	2
123	5	1
123	6	1
123	7	1
123	8	1
123	9	3
124	1	3
124	10	1
124	11	3
124	12	1
124	13	1
124	14	2
124	15	1
124	16	1
124	17	1
124	18	1
124	19	1
124	2	3
124	20	3
124	21	2
124	22	1
124	23	2
124	24	1
124	25	1
124	26	1
124	3	1
124	4	1
124	5	2
124	6	1
124	7	1
124	8	1
124	9	2
125	1	2
125	10	2
125	11	2
125	12	3
125	14	3
125	16	2
125	17	3
125	18	2
125	19	2
125	2	3
125	20	1
125	21	1
125	22	2
125	23	3
125	24	1
125	25	3
125	26	3
125	27	1
125	28	1
125	29	2
125	3	3
125	30	2
125	31	1
125	32	1
125	33	2
125	34	3
125	4	3
125	5	3
125	6	3
125	7	1
125	8	2
125	9	3
126	1	2
126	10	3
126	11	1
126	12	2
126	13	1
126	14	2
126	15	1
126	16	3
126	17	2
126	18	1
126	19	2
126	2	2
126	20	1
126	21	3
126	22	2
126	23	2
126	24	1
126	25	1
126	26	1
126	27	2
126	28	2
126	29	1
126	3	1
126	30	1
126	31	2
126	32	1
126	33	2
126	34	2
126	35	1
126	36	1
126	37	3
126	38	1
126	39	1
126	4	1
126	40	3
126	41	3
126	42	3
126	43	2
126	44	3
126	45	3
126	46	3
126	47	3
126	48	3
126	49	2
126	5	1
126	50	1
126	51	1
126	52	3
126	53	3
126	54	3
126	55	3
126	56	3
126	57	3
126	58	1
126	6	1
126	7	2
126	8	2
126	9	1
127	1	1
127	10	3
127	11	1
127	12	3
127	13	3
127	14	1
127	15	1
127	16	3
127	2	3
127	3	3
127	4	1
127	5	2
127	6	1
127	7	1
127	8	3
127	9	3
128	1	1
128	10	2
128	11	3
128	12	3
128	13	3
128	14	2
128	15	3
128	16	3
128	17	3
128	18	2
128	19	1
128	2	2
128	20	3
128	21	3
128	22	3
128	23	3
128	24	2
128	25	2
128	26	1
128	27	3
128	28	3
128	29	3
128	3	2
128	30	3
128	31	3
128	34	1
128	35	3
128	36	3
128	37	2
128	38	2
128	4	2
128	40	3
128	5	2
128	6	2
128	7	2
128	8	3
128	9	1
129	1	2
129	10	3
129	11	1
129	12	3
129	13	2
129	14	1
129	16	1
129	17	3
129	18	1
129	19	3
129	2	3
129	20	3
129	21	1
129	3	1
129	4	1
129	5	3
129	6	3
129	7	3
129	8	3
129	9	3
13	1	1
13	10	1
13	11	1
13	13	1
13	14	1
13	15	1
13	16	1
13	17	1
13	18	1
13	19	1
13	2	1
13	20	1
13	21	3
13	22	1
13	23	2
13	24	2
13	25	3
13	3	1
13	4	3
13	5	1
13	6	2
13	7	2
13	8	1
13	9	3
130	1	1
130	10	1
130	11	1
130	12	1
130	13	3
130	14	3
130	15	1
130	16	1
130	17	2
130	18	1
130	19	1
130	2	2
130	20	1
130	23	3
130	24	1
130	25	2
130	3	2
130	4	1
130	5	2
130	6	3
130	7	2
130	8	2
130	9	1
131	1	2
131	10	3
131	11	3
131	12	1
131	13	3
131	14	1
131	15	3
131	16	3
131	17	3
131	18	3
131	19	3
131	2	3
131	20	3
131	21	3
131	22	3
131	23	2
131	24	3
131	25	3
131	26	1
131	27	3
131	3	3
131	4	1
131	5	1
131	6	3
131	7	1
131	8	3
131	9	3
132	1	3
132	10	3
132	11	3
132	12	1
132	13	1
132	14	3
132	16	3
132	17	1
132	18	3
132	19	1
132	2	3
132	20	1
132	21	1
132	22	1
132	23	3
132	24	2
132	25	1
132	26	3
132	27	1
132	28	1
132	3	1
132	4	1
132	5	1
132	7	1
132	8	1
132	9	1
133	1	3
133	10	1
133	11	2
133	12	3
133	13	1
133	14	3
133	15	3
133	2	3
133	3	1
133	4	3
133	5	2
133	6	3
133	7	3
133	8	1
133	9	2
134	1	3
134	10	2
134	11	1
134	12	3
134	13	1
134	14	2
134	15	2
134	16	2
134	17	2
134	18	2
134	19	1
134	2	2
134	20	3
134	21	3
134	22	2
134	23	3
134	24	3
134	25	2
134	26	2
134	27	3
134	28	1
134	29	1
134	3	1
134	30	1
134	31	1
134	32	1
134	33	1
134	34	1
134	35	2
134	36	3
134	37	3
134	38	2
134	39	3
134	4	1
134	40	2
134	41	1
134	42	1
134	43	3
134	44	3
134	45	3
134	46	1
134	47	3
134	48	1
134	49	1
134	5	3
134	51	3
134	52	1
134	53	3
134	6	3
134	7	1
134	8	1
134	9	3
135	1	2
135	10	2
135	11	2
135	12	1
135	13	3
135	14	3
135	15	3
135	16	2
135	17	1
135	18	1
135	19	2
135	2	1
135	20	3
135	21	3
135	22	1
135	23	2
135	24	3
135	25	1
135	26	3
135	27	1
135	28	1
135	29	3
135	3	1
135	30	1
135	31	3
135	32	1
135	34	3
135	35	1
135	36	2
135	37	1
135	38	2
135	39	2
135	4	1
135	40	1
135	41	3
135	42	3
135	43	2
135	44	3
135	45	2
135	46	3
135	47	2
135	48	3
135	49	2
135	5	1
135	50	1
135	51	2
135	52	3
135	53	1
135	54	2
135	55	2
135	56	2
135	6	1
135	7	1
135	8	1
135	9	3
136	1	2
136	10	3
136	11	2
136	12	1
136	13	3
136	14	2
136	15	1
136	16	1
136	17	1
136	18	1
136	19	1
136	2	3
136	20	1
136	21	1
136	22	3
136	23	3
136	24	2
136	25	3
136	26	1
136	27	1
136	28	2
136	29	2
136	3	3
136	30	1
136	31	3
136	32	3
136	33	3
136	34	2
136	35	3
136	36	3
136	37	3
136	38	1
136	39	3
136	4	1
136	40	3
136	41	3
136	42	3
136	43	1
136	44	3
136	45	3
136	46	3
136	5	3
136	6	2
136	7	1
136	8	3
136	9	2
137	1	3
137	10	1
137	11	2
137	12	1
137	13	2
137	14	2
137	15	1
137	16	2
137	17	2
137	18	3
137	19	3
137	2	2
137	20	2
137	21	3
137	22	1
137	23	1
137	24	2
137	25	3
137	26	1
137	27	2
137	28	2
137	29	2
137	3	1
137	30	3
137	31	3
137	32	2
137	33	1
137	34	2
137	35	3
137	36	1
137	37	1
137	38	1
137	39	2
137	4	3
137	40	3
137	41	2
137	42	3
137	43	2
137	44	2
137	45	1
137	46	2
137	47	3
137	48	2
137	49	3
137	5	1
137	50	3
137	51	2
137	52	2
137	53	3
137	54	1
137	55	1
137	56	1
137	57	3
137	58	2
137	59	3
137	6	1
137	60	2
137	61	3
137	62	1
137	63	1
137	64	3
137	65	1
137	66	1
137	67	2
137	68	3
137	69	3
137	7	2
137	8	2
137	9	2
138	1	2
138	10	3
138	11	2
138	12	3
138	13	1
138	14	3
138	15	3
138	16	1
138	17	3
138	18	2
138	19	3
138	2	3
138	20	2
138	21	2
138	22	3
138	23	1
138	24	3
138	25	1
138	26	1
138	27	3
138	29	3
138	3	3
138	30	2
138	31	3
138	32	3
138	33	3
138	34	3
138	35	3
138	36	1
138	37	3
138	38	3
138	39	1
138	4	2
138	40	2
138	41	3
138	42	1
138	43	1
138	44	2
138	45	1
138	46	1
138	47	1
138	5	3
138	6	2
138	7	1
138	8	2
138	9	3
139	1	1
139	10	2
139	11	2
139	12	3
139	13	3
139	14	2
139	15	1
139	16	1
139	17	1
139	18	1
139	19	2
139	2	2
139	20	1
139	21	2
139	22	3
139	23	2
139	24	2
139	25	1
139	26	1
139	27	1
139	28	1
139	29	3
139	3	3
139	30	2
139	31	2
139	32	1
139	33	1
139	34	3
139	35	3
139	36	3
139	37	3
139	38	1
139	39	1
139	4	3
139	40	1
139	41	2
139	42	2
139	43	3
139	44	1
139	45	3
139	46	3
139	48	3
139	49	1
139	5	2
139	6	2
139	7	2
139	8	1
139	9	3
14	10	1
14	11	3
14	12	1
14	13	1
14	2	3
14	3	1
14	4	3
14	5	1
14	6	3
14	7	1
14	8	1
14	9	1
140	1	2
140	10	1
140	11	3
140	12	3
140	13	2
140	15	3
140	17	3
140	18	1
140	19	3
140	2	3
140	20	1
140	21	1
140	22	1
140	23	1
140	24	2
140	25	2
140	26	2
140	27	2
140	28	3
140	29	3
140	3	1
140	30	1
140	31	3
140	32	3
140	33	1
140	34	3
140	35	1
140	36	2
140	37	2
140	38	2
140	39	3
140	4	3
140	40	1
140	41	1
140	42	2
140	43	3
140	44	3
140	45	1
140	46	3
140	47	1
140	48	2
140	49	1
140	5	1
140	50	1
140	51	2
140	52	3
140	53	1
140	6	1
140	7	1
140	8	2
140	9	1
141	1	3
141	10	1
141	11	2
141	12	1
141	13	3
141	14	2
141	15	3
141	17	1
141	18	2
141	19	1
141	2	3
141	20	2
141	21	3
141	22	1
141	23	3
141	24	1
141	25	1
141	26	3
141	27	1
141	28	1
141	29	3
141	3	2
141	30	1
141	31	1
141	32	1
141	33	3
141	34	1
141	35	2
141	36	3
141	37	2
141	38	1
141	39	3
141	4	3
141	40	1
141	41	2
141	42	3
141	43	3
141	44	3
141	45	1
141	46	3
141	47	3
141	5	1
141	6	2
141	7	1
141	8	3
141	9	2
142	1	1
142	10	3
142	11	3
142	12	3
142	13	3
142	14	3
142	15	2
142	16	3
142	17	2
142	18	1
142	19	2
142	2	1
142	20	1
142	21	2
142	22	3
142	23	3
142	24	3
142	25	2
142	26	2
142	27	1
142	28	1
142	29	3
142	3	1
142	30	3
142	31	1
142	32	3
142	33	3
142	34	3
142	35	3
142	36	1
142	37	1
142	38	1
142	39	1
142	4	3
142	40	3
142	41	2
142	5	1
142	6	3
142	7	3
142	8	3
142	9	1
143	1	1
143	10	1
143	11	1
143	12	3
143	14	3
143	15	1
143	16	3
143	17	1
143	18	2
143	19	2
143	2	2
143	20	1
143	21	1
143	22	1
143	23	3
143	24	2
143	25	3
143	26	2
143	27	2
143	28	2
143	29	1
143	3	1
143	30	1
143	31	3
143	32	2
143	33	3
143	34	1
143	35	1
143	36	1
143	37	1
143	38	1
143	39	2
143	40	1
143	41	3
143	42	2
143	43	2
143	44	3
143	45	2
143	46	2
143	47	3
143	48	2
143	49	3
143	5	2
143	50	1
143	51	3
143	52	1
143	53	1
143	54	1
143	55	3
143	56	3
143	6	1
143	7	1
143	8	3
143	9	1
144	1	1
144	10	3
144	11	2
144	12	3
144	13	2
144	14	3
144	15	2
144	16	3
144	17	3
144	18	3
144	19	1
144	2	3
144	21	3
144	22	3
144	23	2
144	24	2
144	25	3
144	26	1
144	27	1
144	28	1
144	29	1
144	3	3
144	30	3
144	4	3
144	5	1
144	6	2
144	7	2
144	8	1
144	9	1
145	1	2
145	10	3
145	11	1
145	12	3
145	13	1
145	14	1
145	16	3
145	17	2
145	18	1
145	19	2
145	2	1
145	20	1
145	21	2
145	22	3
145	23	1
145	24	3
145	25	1
145	26	3
145	27	3
145	28	1
145	29	1
145	3	3
145	30	2
145	31	3
145	32	3
145	33	2
145	34	2
145	35	3
145	36	1
145	37	3
145	38	3
145	39	3
145	4	1
145	40	1
145	41	2
145	42	1
145	43	3
145	44	3
145	45	1
145	46	2
145	47	2
145	48	1
145	5	1
145	6	2
145	7	1
145	8	3
145	9	3
146	1	1
146	10	1
146	11	3
146	12	2
146	13	1
146	14	3
146	15	3
146	16	1
146	17	2
146	18	2
146	19	3
146	20	2
146	21	2
146	22	1
146	24	1
146	25	1
146	26	3
146	27	1
146	28	3
146	29	2
146	3	3
146	30	3
146	31	1
146	32	2
146	33	1
146	34	1
146	35	2
146	36	1
146	37	2
146	38	1
146	39	3
146	4	3
146	40	1
146	41	2
146	42	3
146	43	1
146	44	1
146	45	2
146	46	2
146	47	3
146	5	3
146	6	3
146	7	1
146	8	1
146	9	2
147	1	3
147	10	1
147	11	3
147	12	3
147	13	3
147	14	1
147	15	1
147	16	3
147	17	3
147	18	2
147	19	2
147	2	1
147	20	1
147	21	2
147	22	1
147	23	3
147	24	3
147	25	2
147	26	1
147	27	2
147	28	1
147	29	3
147	3	1
147	30	3
147	31	1
147	33	2
147	34	1
147	35	3
147	36	1
147	37	1
147	38	1
147	39	3
147	4	3
147	40	2
147	41	2
147	42	3
147	43	2
147	44	1
147	45	2
147	46	1
147	47	1
147	48	1
147	49	1
147	5	3
147	50	3
147	51	1
147	6	3
147	7	1
147	8	2
148	1	3
148	10	3
148	11	1
148	13	1
148	14	1
148	15	2
148	16	3
148	17	1
148	18	1
148	2	2
148	20	3
148	21	3
148	22	3
148	23	1
148	24	2
148	25	1
148	26	1
148	27	1
148	28	1
148	29	1
148	3	3
148	30	1
148	31	1
148	32	2
148	33	3
148	34	3
148	35	1
148	36	1
148	37	2
148	38	1
148	39	1
148	4	3
148	40	3
148	41	3
148	5	3
148	6	1
148	7	1
148	8	3
148	9	1
149	1	2
149	11	1
149	12	3
149	13	3
149	14	1
149	15	2
149	17	1
149	18	1
149	19	1
149	2	2
149	20	1
149	21	1
149	23	2
149	24	3
149	25	1
149	26	3
149	27	3
149	28	3
149	29	2
149	3	1
149	30	2
149	31	2
149	32	1
149	33	3
149	34	3
149	35	1
149	36	2
149	37	1
149	38	1
149	4	2
149	5	3
149	6	3
149	7	1
149	8	3
149	9	3
15	1	1
15	10	3
15	11	1
15	12	3
15	13	2
15	14	2
15	15	2
15	16	2
15	17	2
15	18	3
15	19	3
15	2	1
15	20	2
15	21	2
15	22	1
15	23	2
15	24	3
15	25	3
15	26	3
15	27	3
15	28	1
15	29	1
15	3	1
15	30	1
15	31	3
15	32	2
15	33	2
15	34	3
15	35	3
15	36	3
15	37	2
15	38	3
15	39	3
15	4	1
15	40	1
15	41	2
15	42	3
15	43	3
15	44	3
15	45	3
15	46	3
15	47	3
15	48	2
15	49	3
15	5	2
15	6	2
15	7	1
15	8	1
15	9	1
150	1	2
150	10	1
150	11	3
150	12	3
150	13	3
150	14	2
150	15	1
150	16	2
150	17	2
150	18	1
150	19	1
150	2	1
150	20	1
150	21	1
150	22	3
150	23	3
150	24	1
150	25	3
150	26	2
150	27	1
150	28	1
150	29	3
150	3	1
150	30	2
150	31	1
150	32	1
150	33	1
150	34	1
150	35	3
150	36	1
150	37	2
150	38	3
150	39	3
150	4	1
150	40	3
150	41	1
150	42	3
150	43	1
150	44	2
150	45	1
150	46	1
150	47	2
150	48	3
150	49	1
150	5	3
150	50	1
150	51	1
150	52	1
150	53	1
150	54	2
150	55	3
150	56	1
150	57	1
150	58	1
150	59	3
150	6	1
150	7	1
150	8	3
150	9	3
151	1	1
151	10	3
151	11	1
151	12	2
151	13	3
151	14	1
151	15	1
151	16	1
151	17	1
151	18	1
151	19	3
151	2	1
151	20	1
151	21	3
151	22	2
151	23	2
151	24	1
151	25	1
151	26	1
151	27	1
151	28	3
151	29	1
151	3	3
151	30	3
151	31	3
151	32	1
151	33	1
151	34	1
151	35	2
151	36	2
151	37	3
151	38	3
151	39	3
151	4	2
151	40	3
151	41	1
151	42	1
151	43	2
151	44	3
151	45	1
151	47	3
151	48	2
151	49	2
151	5	3
151	50	1
151	51	1
151	52	3
151	53	1
151	54	2
151	55	1
151	56	1
151	57	2
151	58	3
151	59	2
151	6	1
151	60	1
151	61	2
151	62	3
151	63	2
151	64	3
151	65	1
151	67	1
151	68	2
151	69	1
151	7	3
151	70	2
151	8	2
151	9	2
152	1	1
152	10	1
152	11	1
152	12	3
152	13	1
152	14	1
152	15	3
152	16	3
152	17	1
152	18	1
152	19	1
152	2	1
152	20	1
152	21	1
152	22	2
152	23	1
152	24	1
152	25	1
152	26	2
152	27	1
152	28	2
152	29	1
152	3	3
152	30	2
152	31	1
152	32	3
152	33	1
152	34	3
152	35	1
152	36	3
152	37	1
152	38	1
152	39	1
152	4	1
152	40	1
152	41	1
152	42	1
152	43	2
152	5	1
152	6	2
152	7	1
152	8	3
152	9	1
153	1	1
153	10	1
153	11	1
153	12	1
153	13	2
153	14	1
153	15	1
153	16	1
153	17	1
153	18	3
153	19	1
153	2	3
153	20	1
153	21	1
153	22	1
153	23	2
153	24	1
153	25	3
153	26	1
153	27	1
153	28	1
153	29	3
153	3	1
153	30	3
153	31	1
153	32	1
153	33	3
153	34	3
153	35	1
153	36	1
153	37	2
153	38	1
153	39	2
153	4	3
153	40	2
153	41	1
153	42	1
153	43	1
153	44	1
153	45	1
153	46	1
153	47	1
153	48	1
153	49	3
153	5	3
153	50	3
153	6	3
153	7	1
153	8	1
153	9	1
154	1	1
154	10	1
154	11	1
154	12	1
154	13	3
154	14	1
154	15	3
154	16	3
154	17	1
154	18	2
154	19	1
154	2	3
154	20	2
154	21	3
154	22	3
154	23	1
154	24	3
154	25	3
154	26	1
154	27	3
154	28	2
154	29	3
154	3	3
154	30	3
154	31	1
154	32	1
154	33	3
154	34	3
154	35	1
154	36	1
154	37	2
154	38	3
154	39	1
154	4	2
154	40	3
154	41	1
154	42	3
154	43	3
154	44	1
154	45	1
154	5	3
154	6	1
154	7	1
154	8	1
154	9	3
155	1	2
155	10	3
155	11	2
155	12	1
155	13	1
155	14	1
155	15	3
155	16	2
155	17	1
155	19	1
155	20	1
155	21	1
155	22	2
155	23	2
155	24	3
155	25	1
155	26	3
155	27	1
155	28	3
155	29	1
155	3	1
155	30	2
155	4	2
155	5	3
155	6	1
155	7	1
155	8	3
155	9	2
156	1	1
156	10	1
156	11	2
156	12	2
156	13	3
156	14	3
156	15	2
156	16	1
156	17	1
156	18	2
156	19	3
156	2	3
156	20	3
156	21	1
156	22	1
156	23	3
156	24	3
156	25	3
156	26	1
156	27	2
156	28	1
156	29	1
156	3	3
156	30	3
156	31	2
156	32	1
156	33	1
156	34	1
156	35	1
156	36	1
156	37	3
156	38	1
156	39	3
156	4	3
156	40	2
156	41	1
156	42	3
156	43	1
156	44	2
156	45	2
156	5	1
156	6	1
156	7	3
156	8	3
156	9	3
157	1	3
157	2	1
157	3	3
157	4	3
158	1	3
158	10	1
158	11	1
158	12	2
158	13	1
158	14	1
158	15	1
158	16	1
158	17	2
158	18	1
158	19	1
158	2	3
158	20	2
158	21	2
158	22	1
158	23	1
158	24	1
158	25	3
158	26	1
158	27	1
158	28	1
158	3	1
158	30	1
158	31	2
158	32	1
158	33	1
158	4	1
158	5	3
158	6	1
158	7	1
158	8	3
158	9	2
159	1	3
159	10	2
159	11	3
159	12	2
159	13	3
159	14	1
159	15	1
159	16	3
159	17	1
159	18	1
159	19	3
159	2	3
159	3	1
159	4	3
159	5	1
159	6	1
159	7	3
159	8	1
159	9	3
16	1	3
16	10	1
16	11	1
16	12	1
16	13	2
16	14	1
16	15	2
16	16	1
16	17	3
16	18	1
16	19	2
16	2	1
16	20	1
16	21	1
16	22	1
16	23	1
16	24	2
16	25	2
16	26	1
16	27	3
16	28	1
16	29	3
16	3	2
16	30	1
16	31	3
16	32	2
16	33	1
16	34	1
16	35	2
16	36	1
16	37	1
16	38	3
16	39	3
16	4	1
16	40	3
16	41	3
16	5	1
16	6	1
16	7	1
16	8	1
16	9	3
160	10	1
160	11	2
160	12	3
160	13	2
160	14	3
160	15	2
160	16	2
160	17	1
160	18	1
160	19	3
160	2	1
160	20	3
160	21	1
160	22	2
160	23	1
160	24	1
160	25	1
160	26	1
160	27	2
160	28	1
160	29	1
160	3	1
160	30	3
160	31	3
160	32	2
160	33	2
160	34	2
160	35	1
160	36	2
160	37	1
160	38	3
160	39	1
160	40	1
160	41	1
160	42	2
160	43	3
160	44	1
160	45	1
160	46	2
160	47	1
160	48	1
160	49	3
160	5	3
160	50	3
160	51	3
160	52	2
160	53	2
160	54	3
160	55	1
160	56	1
160	57	3
160	58	1
160	59	3
160	6	1
160	60	3
160	61	2
160	62	3
160	63	1
160	7	2
160	8	3
160	9	1
161	1	3
161	10	3
161	11	1
161	12	1
161	13	1
161	14	1
161	15	2
161	16	1
161	17	1
161	18	1
161	2	1
161	20	1
161	21	2
161	22	1
161	23	3
161	24	1
161	25	3
161	26	2
161	27	3
161	28	1
161	29	1
161	3	3
161	30	3
161	31	1
161	32	1
161	33	1
161	34	1
161	35	1
161	36	3
161	37	3
161	38	1
161	39	3
161	4	1
161	40	3
161	41	2
161	42	2
161	43	2
161	44	2
161	45	1
161	46	1
161	47	2
161	48	3
161	49	1
161	5	3
161	50	2
161	51	3
161	52	3
161	53	1
161	6	3
161	7	1
161	8	2
161	9	1
162	1	1
162	10	3
162	11	2
162	12	1
162	13	1
162	14	3
162	15	3
162	16	2
162	17	1
162	18	1
162	19	3
162	2	1
162	20	1
162	21	1
162	22	2
162	23	1
162	24	1
162	25	1
162	26	3
162	27	1
162	3	3
162	4	3
162	5	3
162	6	3
162	7	1
162	8	3
162	9	1
163	1	1
163	10	3
163	11	1
163	12	2
163	13	2
163	14	3
163	15	1
163	16	3
163	17	3
163	18	1
163	2	1
163	3	3
163	4	1
163	5	1
163	6	3
163	7	1
163	8	3
163	9	1
164	1	1
164	11	3
164	12	3
164	13	3
164	14	3
164	15	3
164	16	3
164	17	1
164	18	1
164	19	3
164	2	1
164	20	1
164	21	1
164	22	1
164	23	3
164	24	1
164	25	1
164	26	1
164	27	1
164	3	2
164	4	1
164	5	1
164	6	1
164	7	2
164	8	3
164	9	1
165	1	3
165	10	1
165	11	3
165	12	3
165	13	3
165	14	3
165	15	3
165	16	3
165	17	1
165	18	2
165	19	3
165	2	2
165	20	3
165	21	3
165	22	1
165	23	1
165	24	1
165	25	3
165	26	3
165	27	3
165	3	1
165	4	1
165	5	3
165	6	1
165	7	3
165	8	3
165	9	3
166	1	1
166	10	3
166	11	1
166	12	1
166	13	3
166	14	1
166	16	3
166	17	1
166	18	1
166	19	1
166	2	1
166	20	1
166	21	1
166	22	3
166	23	1
166	24	1
166	25	3
166	26	1
166	27	2
166	3	1
166	4	3
166	5	3
166	6	1
166	7	3
166	8	3
166	9	1
167	1	3
167	10	2
167	11	3
167	12	1
167	13	1
167	14	3
167	15	3
167	16	1
167	17	1
167	18	3
167	19	1
167	2	1
167	20	1
167	21	3
167	22	3
167	23	2
167	24	3
167	25	2
167	26	3
167	27	1
167	28	1
167	29	1
167	3	3
167	30	1
167	31	1
167	32	3
167	33	1
167	34	1
167	35	1
167	36	3
167	37	3
167	38	2
167	39	1
167	4	3
167	40	3
167	41	2
167	5	1
167	6	2
167	7	3
167	8	1
167	9	2
168	1	2
168	10	2
168	11	3
168	12	3
168	13	3
168	14	2
168	15	3
168	16	3
168	17	1
168	18	3
168	19	1
168	2	2
168	20	3
168	21	2
168	22	1
168	23	3
168	24	1
168	25	3
168	26	3
168	28	3
168	29	3
168	3	1
168	30	1
168	31	2
168	32	3
168	33	3
168	34	2
168	35	1
168	36	3
168	4	2
168	5	3
168	6	3
168	7	3
168	8	2
168	9	1
169	1	1
169	10	3
169	11	1
169	12	3
169	13	1
169	14	2
169	15	1
169	16	1
169	17	1
169	18	2
169	19	2
169	2	2
169	20	1
169	21	3
169	22	1
169	23	3
169	24	2
169	25	3
169	26	1
169	27	1
169	28	3
169	29	1
169	3	3
169	30	3
169	31	3
169	32	1
169	33	3
169	34	3
169	35	2
169	37	3
169	38	3
169	39	1
169	4	3
169	5	3
169	6	3
169	7	1
169	8	3
169	9	3
17	1	3
17	10	1
17	11	3
17	12	1
17	13	2
17	14	2
17	15	2
17	16	3
17	17	3
17	18	2
17	19	1
17	2	2
17	20	2
17	21	3
17	22	3
17	23	1
17	24	1
17	25	3
17	26	3
17	27	1
17	28	2
17	29	3
17	3	1
17	30	2
17	31	3
17	32	2
17	33	1
17	34	1
17	35	3
17	36	3
17	37	1
17	38	1
17	39	2
17	4	1
17	40	2
17	41	3
17	42	3
17	43	3
17	44	1
17	45	3
17	46	3
17	47	1
17	48	2
17	5	2
17	6	1
17	7	2
17	8	1
17	9	3
170	1	2
170	10	2
170	11	2
170	12	1
170	13	1
170	14	1
170	15	1
170	16	3
170	17	3
170	18	2
170	19	1
170	2	1
170	20	3
170	21	3
170	22	3
170	24	3
170	25	1
170	26	1
170	27	3
170	28	1
170	29	1
170	3	1
170	30	1
170	31	2
170	32	2
170	33	1
170	34	1
170	35	1
170	36	2
170	37	2
170	38	1
170	39	1
170	4	1
170	40	3
170	41	1
170	42	1
170	43	3
170	44	2
170	45	1
170	46	1
170	47	1
170	48	1
170	49	1
170	5	1
170	50	2
170	51	3
170	52	1
170	53	1
170	54	1
170	55	2
170	56	1
170	57	2
170	58	1
170	59	3
170	6	1
170	60	3
170	7	1
170	8	2
170	9	2
171	1	2
171	10	1
171	11	1
171	13	1
171	14	3
171	15	1
171	16	1
171	17	3
171	18	2
171	2	3
171	20	3
171	21	2
171	22	3
171	23	2
171	24	1
171	25	3
171	26	1
171	27	1
171	28	3
171	29	1
171	3	3
171	4	3
171	5	1
171	6	1
171	7	1
171	8	3
171	9	1
172	1	1
172	10	1
172	12	1
172	13	2
172	15	1
172	16	1
172	17	2
172	18	1
172	19	1
172	2	3
172	20	3
172	21	1
172	22	3
172	23	1
172	24	3
172	26	3
172	27	1
172	28	1
172	29	1
172	3	1
172	30	3
172	31	1
172	32	1
172	34	2
172	35	1
172	36	1
172	4	1
172	5	3
172	6	3
172	7	2
172	8	3
172	9	3
173	1	3
173	10	1
173	11	2
173	12	1
173	14	1
173	15	1
173	16	2
173	17	3
173	18	1
173	19	1
173	2	2
173	20	1
173	21	1
173	22	3
173	23	3
173	24	2
173	25	3
173	26	1
173	27	1
173	28	1
173	29	2
173	3	1
173	30	1
173	32	2
173	33	1
173	34	2
173	35	2
173	36	1
173	37	2
173	38	2
173	39	1
173	4	1
173	40	1
173	41	1
173	42	2
173	43	3
173	44	3
173	45	1
173	46	1
173	47	3
173	48	3
173	49	1
173	5	1
173	50	3
173	51	1
173	52	2
173	6	2
173	7	3
173	8	1
173	9	3
174	1	1
174	10	3
174	11	1
174	13	1
174	15	1
174	16	1
174	18	1
174	2	1
174	20	1
174	22	1
174	23	3
174	24	1
174	25	1
174	26	1
174	28	2
174	29	1
174	3	1
174	30	2
174	4	1
174	5	3
174	6	1
174	7	1
174	8	3
174	9	3
175	1	1
175	10	1
175	11	2
175	12	1
175	13	3
175	14	1
175	15	2
175	16	1
175	17	1
175	18	3
175	19	3
175	2	1
175	20	2
175	21	3
175	22	1
175	23	1
175	24	1
175	25	1
175	26	1
175	27	3
175	28	1
175	3	1
175	4	3
175	5	1
175	6	3
175	7	1
175	8	2
176	1	1
176	10	1
176	11	3
176	12	3
176	13	3
176	14	3
176	15	1
176	16	2
176	17	1
176	18	1
176	19	1
176	2	3
176	20	2
176	21	1
176	22	1
176	23	1
176	24	3
176	25	3
176	26	1
176	27	1
176	28	1
176	3	1
176	4	1
176	5	3
176	6	3
176	7	3
176	8	3
176	9	1
177	1	1
177	10	1
177	11	2
177	12	2
177	13	1
177	14	3
177	15	3
177	16	1
177	17	3
177	18	3
177	19	1
177	2	2
177	20	2
177	21	2
177	22	3
177	23	2
177	24	3
177	25	2
177	26	1
177	27	3
177	28	1
177	29	3
177	3	1
177	30	1
177	31	3
177	32	3
177	33	3
177	34	2
177	35	3
177	36	3
177	37	1
177	38	2
177	39	2
177	4	1
177	40	1
177	42	2
177	43	1
177	44	1
177	45	3
177	46	3
177	47	1
177	48	2
177	49	1
177	5	1
177	50	3
177	51	1
177	52	3
177	53	1
177	54	3
177	55	2
177	56	3
177	57	3
177	58	2
177	59	3
177	6	1
177	60	1
177	61	1
177	62	2
177	63	3
177	64	3
177	65	2
177	7	3
177	8	1
177	9	1
178	1	1
178	10	1
178	11	2
178	12	1
178	13	1
178	14	3
178	15	1
178	16	1
178	17	3
178	18	3
178	19	2
178	2	1
178	20	3
178	21	1
178	22	1
178	23	1
178	24	3
178	25	1
178	28	3
178	29	2
178	3	2
178	30	1
178	31	3
178	32	3
178	33	2
178	34	2
178	35	2
178	36	1
178	37	1
178	38	3
178	39	1
178	4	3
178	40	2
178	41	1
178	42	2
178	44	3
178	45	3
178	46	1
178	47	1
178	48	1
178	49	2
178	5	3
178	50	3
178	51	2
178	52	3
178	53	2
178	54	1
178	55	1
178	56	2
178	57	3
178	58	2
178	59	2
178	6	3
178	60	2
178	61	1
178	62	2
178	63	3
178	64	3
178	65	2
178	66	1
178	67	2
178	68	2
178	69	3
178	7	2
178	70	1
178	71	2
178	72	2
178	73	1
178	74	3
178	75	2
178	76	1
178	77	2
178	78	1
178	79	2
178	8	3
178	80	1
178	81	2
178	82	3
178	83	2
178	84	2
178	85	2
178	86	2
178	87	1
178	88	2
178	89	2
178	9	1
178	90	1
179	1	3
179	10	1
179	100	2
179	101	2
179	102	2
179	103	3
179	104	1
179	105	3
179	11	1
179	12	1
179	13	1
179	14	2
179	15	1
179	16	3
179	17	1
179	18	1
179	19	2
179	2	3
179	20	2
179	21	1
179	22	1
179	23	1
179	24	1
179	25	1
179	26	3
179	27	1
179	28	3
179	29	3
179	3	3
179	30	3
179	31	2
179	32	3
179	33	2
179	34	3
179	35	3
179	36	3
179	37	3
179	38	2
179	39	2
179	4	1
179	40	2
179	41	3
179	42	1
179	43	1
179	44	3
179	45	1
179	47	2
179	48	1
179	49	2
179	5	1
179	50	1
179	52	3
179	53	3
179	55	1
179	56	2
179	57	2
179	58	1
179	59	1
179	6	1
179	60	1
179	61	3
179	62	1
179	63	3
179	64	1
179	65	1
179	66	1
179	67	1
179	68	2
179	69	1
179	7	1
179	70	2
179	71	3
179	72	1
179	73	2
179	74	1
179	75	1
179	76	1
179	77	1
179	78	3
179	79	2
179	8	3
179	80	1
179	81	2
179	82	1
179	83	1
179	84	2
179	85	3
179	86	3
179	87	1
179	88	1
179	89	1
179	9	3
179	90	2
179	91	3
179	92	2
179	93	2
179	94	1
179	95	2
179	96	2
179	97	1
179	98	1
179	99	1
18	1	1
18	10	1
18	11	1
18	12	3
18	14	2
18	15	1
18	16	3
18	17	1
18	18	2
18	19	1
18	2	2
18	20	3
18	21	2
18	22	3
18	23	1
18	24	1
18	25	3
18	26	1
18	27	2
18	28	3
18	29	1
18	3	1
18	30	1
18	31	1
18	32	2
18	33	2
18	34	1
18	35	1
18	36	2
18	37	1
18	38	3
18	39	3
18	4	1
18	40	2
18	41	1
18	42	1
18	43	2
18	44	1
18	45	3
18	46	2
18	47	3
18	48	1
18	49	1
18	5	1
18	50	1
18	51	1
18	52	2
18	53	1
18	54	2
18	55	2
18	56	2
18	57	1
18	58	1
18	59	2
18	6	2
18	60	1
18	61	1
18	62	1
18	7	1
18	8	1
18	9	1
180	1	1
180	10	1
180	11	3
180	12	1
180	13	1
180	14	1
180	15	1
180	16	1
180	17	1
180	18	3
180	19	3
180	2	1
180	20	1
180	21	1
180	22	2
180	23	3
180	24	1
180	25	3
180	26	1
180	3	2
180	4	1
180	5	3
180	6	1
180	7	3
180	8	3
180	9	1
181	1	1
181	10	1
181	11	1
181	12	3
181	13	1
181	14	1
181	15	2
181	16	1
181	17	3
181	18	1
181	19	1
181	2	1
181	20	3
181	21	2
181	22	1
181	23	2
181	24	1
181	25	1
181	26	1
181	27	1
181	28	3
181	29	1
181	3	3
181	30	3
181	31	3
181	32	3
181	33	1
181	34	1
181	35	3
181	36	1
181	37	3
181	4	3
181	5	3
181	6	1
181	7	3
181	8	2
181	9	1
182	1	2
182	10	1
182	11	1
182	12	3
182	13	1
182	14	3
182	15	3
182	16	1
182	17	1
182	18	3
182	19	1
182	2	1
182	20	1
182	21	1
182	22	3
182	23	2
182	24	1
182	25	1
182	26	1
182	27	1
182	28	1
182	29	3
182	3	3
182	30	1
182	31	1
182	32	1
182	33	1
182	34	2
182	35	1
182	36	3
182	37	3
182	4	3
182	5	1
182	6	3
182	7	1
182	8	3
182	9	1
183	1	1
183	10	1
183	11	1
183	12	1
183	13	3
183	14	1
183	15	3
183	16	2
183	17	1
183	18	2
183	19	3
183	2	1
183	20	1
183	21	1
183	22	1
183	23	3
183	24	3
183	25	1
183	26	1
183	27	3
183	28	1
183	29	1
183	3	3
183	30	1
183	31	2
183	32	3
183	33	3
183	34	1
183	35	3
183	36	1
183	37	1
183	38	3
183	39	2
183	4	1
183	5	3
183	6	1
183	7	3
183	8	1
183	9	1
184	1	3
184	10	2
184	11	1
184	12	3
184	13	1
184	14	3
184	15	3
184	16	1
184	17	2
184	18	1
184	19	3
184	2	1
184	20	3
184	21	1
184	22	3
184	23	1
184	24	3
184	25	1
184	26	3
184	27	1
184	28	3
184	29	3
184	3	1
184	31	1
184	32	1
184	33	3
184	34	1
184	35	1
184	36	1
184	37	2
184	38	1
184	39	1
184	4	3
184	40	1
184	5	2
184	6	3
184	7	1
184	8	3
184	9	3
185	1	2
185	10	3
185	11	1
185	12	3
185	13	1
185	14	1
185	15	1
185	16	3
185	17	3
185	18	3
185	19	3
185	2	2
185	20	1
185	21	2
185	22	1
185	23	3
185	24	1
185	25	3
185	26	3
185	27	1
185	28	3
185	29	1
185	3	2
185	30	3
185	31	1
185	32	3
185	33	3
185	34	3
185	35	1
185	36	3
185	37	2
185	38	3
185	39	3
185	4	3
185	40	2
185	41	1
185	42	3
185	43	1
185	44	3
185	45	1
185	46	1
185	47	3
185	48	3
185	49	3
185	5	3
185	50	1
185	51	2
185	52	3
185	53	1
185	54	3
185	55	1
185	56	2
185	57	2
185	58	1
185	59	1
185	6	3
185	60	3
185	61	3
185	62	1
185	63	3
185	64	1
185	65	2
185	66	2
185	67	3
185	68	3
185	69	3
185	7	3
185	70	2
185	71	2
185	72	2
185	74	1
185	75	1
185	76	3
185	77	3
185	78	2
185	79	3
185	8	2
185	80	3
185	81	1
185	9	1
186	1	1
186	10	3
186	11	3
186	12	1
186	14	2
186	15	1
186	16	2
186	17	1
186	18	3
186	19	3
186	2	1
186	20	1
186	22	1
186	23	1
186	24	3
186	25	1
186	26	1
186	27	3
186	28	2
186	29	1
186	3	1
186	30	3
186	31	2
186	32	1
186	34	2
186	35	3
186	36	1
186	37	2
186	38	1
186	39	3
186	4	1
186	40	2
186	41	2
186	42	1
186	43	3
186	44	1
186	45	1
186	46	1
186	47	1
186	48	1
186	49	2
186	5	3
186	50	3
186	51	2
186	52	3
186	53	1
186	54	1
186	55	1
186	56	3
186	57	2
186	58	3
186	59	2
186	6	1
186	60	1
186	61	1
186	62	3
186	63	1
186	64	3
186	66	3
186	68	3
186	69	1
186	7	2
186	70	3
186	8	3
186	9	3
19	1	3
19	10	2
19	12	3
19	13	1
19	14	3
19	15	3
19	16	2
19	17	3
19	18	1
19	19	3
19	20	1
19	21	1
19	22	1
19	23	2
19	24	1
19	25	1
19	26	1
19	27	3
19	28	1
19	29	2
19	3	1
19	30	1
19	31	3
19	32	1
19	33	1
19	34	3
19	35	3
19	36	1
19	37	2
19	38	2
19	39	3
19	4	1
19	40	3
19	41	1
19	42	3
19	43	1
19	44	1
19	45	3
19	46	3
19	47	1
19	49	3
19	5	1
19	50	1
19	51	2
19	52	2
19	53	2
19	7	1
19	8	1
19	9	3
2	1	3
2	10	1
2	11	2
2	12	3
2	13	1
2	14	1
2	15	1
2	16	2
2	17	1
2	18	3
2	19	3
2	2	1
2	20	2
2	21	1
2	22	1
2	23	2
2	24	1
2	25	2
2	26	3
2	27	2
2	28	3
2	29	1
2	3	3
2	30	1
2	31	2
2	32	3
2	33	1
2	34	1
2	35	2
2	36	2
2	37	1
2	38	2
2	4	1
2	5	1
2	6	1
2	7	1
2	8	1
2	9	1
20	1	2
20	10	3
20	11	3
20	12	1
20	13	2
20	14	3
20	15	3
20	16	1
20	18	1
20	19	2
20	2	3
20	20	2
20	21	3
20	22	1
20	23	3
20	24	3
20	25	2
20	26	2
20	27	3
20	28	1
20	29	1
20	3	1
20	30	1
20	31	1
20	32	1
20	33	1
20	34	3
20	35	3
20	36	2
20	37	3
20	38	1
20	39	1
20	4	2
20	40	3
20	41	1
20	42	1
20	43	2
20	44	1
20	45	1
20	46	1
20	47	1
20	48	1
20	49	2
20	5	1
20	50	3
20	51	3
20	52	2
20	53	1
20	54	2
20	55	1
20	56	1
20	57	1
20	58	2
20	59	1
20	6	2
20	7	2
20	8	1
20	9	2
21	1	3
21	10	1
21	11	1
21	12	2
21	13	1
21	14	3
21	15	3
21	16	2
21	17	2
21	18	1
21	19	2
21	2	1
21	20	1
21	21	2
21	22	2
21	23	1
21	24	3
21	25	2
21	26	2
21	27	2
21	28	3
21	29	2
21	3	1
21	30	3
21	31	3
21	32	1
21	33	1
21	34	1
21	35	1
21	36	1
21	37	1
21	38	3
21	39	3
21	4	2
21	40	1
21	41	1
21	42	2
21	43	3
21	44	3
21	45	1
21	46	2
21	47	3
21	48	3
21	49	2
21	5	1
21	50	3
21	51	3
21	6	3
21	7	1
21	8	3
21	9	1
22	1	1
22	10	1
22	11	1
22	12	3
22	13	2
22	14	1
22	15	1
22	16	2
22	17	1
22	18	2
22	19	1
22	2	3
22	20	3
22	21	1
22	22	1
22	23	2
22	24	3
22	25	3
22	26	1
22	27	3
22	28	3
22	29	3
22	3	1
22	30	1
22	31	2
22	32	2
22	33	1
22	34	2
22	35	1
22	36	1
22	37	3
22	38	2
22	39	1
22	4	2
22	40	3
22	41	1
22	42	3
22	43	1
22	44	1
22	45	3
22	46	1
22	47	1
22	48	1
22	49	2
22	5	3
22	50	3
22	51	3
22	52	1
22	53	3
22	54	3
22	55	2
22	56	2
22	57	1
22	58	2
22	59	3
22	6	1
22	60	1
22	61	3
22	62	1
22	63	1
22	64	3
22	65	1
22	66	2
22	67	1
22	68	2
22	69	2
22	7	3
22	70	2
22	71	1
22	72	3
22	73	2
22	74	2
22	75	3
22	8	1
23	1	1
23	10	3
23	11	1
23	12	2
23	13	2
23	14	2
23	15	2
23	16	2
23	17	1
23	18	3
23	19	3
23	2	1
23	20	1
23	21	1
23	22	3
23	23	1
23	24	2
23	25	1
23	26	1
23	27	3
23	28	2
23	29	2
23	3	2
23	30	1
23	31	2
23	32	2
23	33	1
23	34	1
23	35	1
23	36	1
23	37	2
23	38	1
23	39	2
23	4	2
23	40	2
23	41	1
23	44	2
23	45	1
23	46	1
23	47	1
23	48	2
23	49	1
23	5	1
23	50	1
23	51	1
23	52	1
23	53	1
23	54	2
23	55	2
23	56	2
23	57	1
23	58	1
23	59	1
23	6	3
23	60	3
23	61	1
23	62	1
23	63	2
23	64	1
23	65	1
23	66	1
23	67	3
23	68	1
23	69	2
23	7	2
23	70	2
23	71	1
23	72	1
23	73	2
23	74	3
23	75	1
23	76	3
23	77	3
23	78	2
23	79	2
23	8	1
23	9	1
24	1	1
24	10	3
24	11	3
24	12	3
24	13	3
24	14	1
24	15	2
24	16	1
24	17	2
24	18	3
24	19	2
24	2	3
24	20	1
24	21	3
24	22	2
24	23	1
24	24	1
24	25	2
24	26	1
24	27	1
24	28	3
24	29	3
24	3	1
24	30	1
24	31	1
24	32	2
24	33	2
24	34	3
24	35	1
24	36	2
24	37	1
24	38	3
24	39	1
24	4	1
24	40	2
24	5	1
24	6	3
24	7	1
24	8	2
24	9	3
25	1	3
25	10	1
25	11	3
25	12	1
25	13	3
25	14	2
25	15	3
25	16	3
25	17	2
25	18	3
25	19	3
25	2	3
25	20	3
25	21	3
25	22	1
25	23	3
25	24	3
25	25	2
25	26	3
25	27	3
25	28	3
25	29	1
25	3	1
25	30	3
25	31	3
25	32	1
25	33	1
25	34	1
25	35	3
25	36	1
25	37	1
25	4	3
25	5	1
25	6	1
25	7	2
25	8	1
25	9	2
26	1	2
26	10	2
26	11	3
26	12	3
26	13	2
26	14	1
26	15	1
26	16	1
26	17	1
26	18	3
26	19	3
26	2	3
26	20	3
26	21	3
26	22	3
26	23	3
26	24	3
26	25	3
26	26	1
26	27	2
26	28	2
26	29	1
26	3	3
26	30	2
26	31	2
26	32	1
26	4	1
26	5	3
26	6	3
26	7	3
26	8	3
26	9	1
27	1	3
27	10	3
27	11	1
27	12	1
27	13	3
27	14	1
27	15	3
27	16	3
27	17	3
27	18	1
27	19	3
27	2	1
27	20	1
27	21	1
27	22	1
27	23	1
27	24	3
27	25	1
27	26	1
27	27	1
27	28	3
27	29	3
27	3	3
27	30	1
27	31	1
27	32	3
27	33	3
27	4	3
27	5	3
27	6	3
27	7	1
27	8	3
27	9	1
28	1	3
28	10	3
28	11	2
28	12	3
28	13	3
28	14	2
28	15	1
28	16	3
28	17	3
28	18	2
28	19	3
28	2	2
28	20	2
28	21	1
28	22	2
28	23	3
28	24	2
28	25	3
28	26	3
28	27	3
28	28	1
28	29	2
28	3	3
28	30	3
28	31	2
28	32	3
28	33	3
28	34	1
28	35	3
28	36	3
28	37	3
28	38	2
28	39	1
28	4	1
28	40	3
28	41	3
28	42	1
28	5	3
28	6	3
28	7	1
28	8	2
28	9	3
29	1	3
29	10	3
29	11	2
29	12	1
29	13	1
29	14	3
29	16	2
29	17	1
29	18	3
29	19	3
29	2	1
29	20	1
29	21	3
29	22	3
29	23	2
29	24	3
29	25	2
29	26	1
29	27	1
29	28	3
29	29	3
29	3	3
29	30	3
29	31	2
29	32	2
29	33	3
29	34	3
29	35	3
29	36	3
29	37	3
29	38	3
29	39	3
29	4	2
29	40	3
29	41	3
29	42	3
29	43	3
29	44	3
29	45	3
29	46	1
29	47	1
29	48	3
29	5	2
29	6	1
29	7	2
29	8	3
29	9	1
3	1	1
3	10	3
3	11	3
3	12	3
3	13	3
3	14	1
3	16	3
3	17	1
3	18	1
3	19	2
3	2	1
3	20	1
3	21	3
3	22	1
3	23	1
3	24	1
3	25	2
3	26	3
3	27	1
3	3	2
3	4	2
3	5	1
3	6	2
3	7	1
3	8	1
3	9	2
30	1	1
30	10	1
30	11	3
30	12	1
30	13	1
30	14	2
30	15	1
30	16	1
30	17	2
30	18	1
30	19	1
30	2	3
30	20	2
30	21	3
30	22	1
30	23	2
30	24	1
30	25	2
30	26	1
30	27	3
30	28	1
30	29	3
30	3	3
30	30	1
30	31	3
30	32	3
30	33	1
30	34	1
30	35	3
30	36	1
30	37	2
30	38	3
30	39	2
30	4	1
30	40	1
30	41	3
30	42	3
30	43	3
30	44	3
30	45	2
30	46	3
30	47	1
30	48	1
30	49	1
30	5	1
30	6	3
30	7	1
30	8	1
30	9	1
31	1	1
31	10	1
31	11	2
31	12	1
31	13	1
31	14	1
31	15	2
31	16	3
31	17	1
31	18	1
31	19	1
31	2	1
31	20	3
31	21	1
31	22	1
31	23	1
31	24	1
31	25	3
31	26	1
31	27	1
31	28	1
31	29	1
31	3	2
31	30	1
31	31	3
31	32	3
31	33	3
31	34	1
31	35	2
31	36	1
31	37	1
31	39	3
31	4	2
31	40	2
31	5	3
31	6	1
31	7	2
31	8	1
31	9	3
32	1	2
32	10	1
32	11	3
32	12	2
32	13	3
32	14	3
32	15	3
32	16	1
32	17	1
32	18	3
32	19	1
32	2	3
32	20	2
32	21	1
32	22	1
32	23	2
32	24	1
32	25	1
32	26	3
32	27	3
32	28	1
32	29	1
32	3	2
32	30	1
32	31	1
32	32	3
32	33	3
32	4	3
32	5	2
32	6	3
32	7	1
32	8	2
32	9	1
33	1	1
33	10	1
33	11	1
33	12	3
33	13	1
33	14	3
33	15	3
33	16	1
33	17	3
33	18	1
33	19	3
33	2	2
33	20	3
33	21	2
33	22	3
33	23	1
33	24	1
33	25	1
33	26	1
33	27	1
33	28	1
33	29	2
33	3	3
33	30	3
33	31	1
33	32	1
33	33	1
33	34	3
33	35	2
33	36	3
33	37	1
33	38	3
33	39	2
33	4	1
33	40	2
33	41	1
33	42	3
33	43	1
33	44	3
33	45	3
33	46	1
33	47	1
33	48	1
33	49	1
33	5	3
33	50	1
33	51	1
33	52	3
33	53	3
33	54	3
33	55	2
33	56	1
33	57	1
33	58	3
33	59	3
33	60	1
33	61	2
33	62	3
33	7	1
33	8	3
33	9	1
34	1	3
34	10	1
34	11	1
34	12	1
34	13	1
34	14	1
34	15	1
34	16	1
34	17	2
34	18	1
34	19	3
34	2	2
34	20	2
34	21	1
34	22	2
34	23	1
34	24	1
34	25	3
34	26	1
34	27	1
34	28	3
34	29	1
34	3	3
34	30	1
34	31	3
34	32	1
34	33	1
34	34	3
34	35	2
34	36	3
34	37	3
34	38	3
34	39	1
34	4	3
34	40	1
34	41	1
34	42	2
34	43	3
34	44	1
34	45	3
34	46	3
34	47	1
34	48	1
34	49	2
34	5	1
34	50	1
34	51	1
34	6	1
34	7	1
34	8	2
34	9	1
35	1	1
35	10	1
35	11	1
35	13	1
35	14	2
35	15	1
35	16	1
35	17	3
35	18	1
35	19	2
35	2	3
35	20	1
35	21	1
35	22	1
35	23	1
35	24	1
35	25	1
35	26	1
35	27	2
35	28	1
35	29	3
35	3	3
35	30	3
35	31	2
35	32	1
35	33	1
35	34	1
35	35	2
35	36	1
35	37	1
35	38	1
35	39	1
35	4	2
35	40	1
35	41	1
35	42	3
35	43	3
35	44	2
35	45	2
35	46	3
35	47	2
35	48	3
35	49	1
35	5	3
35	6	3
35	7	1
35	8	2
35	9	1
36	1	3
36	10	3
36	11	1
36	12	2
36	13	1
36	14	3
36	15	2
36	16	3
36	17	3
36	18	3
36	19	2
36	2	2
36	20	2
36	21	1
36	22	2
36	23	1
36	24	1
36	25	1
36	26	3
36	27	1
36	28	1
36	29	2
36	3	1
36	30	2
36	31	1
36	32	3
36	33	1
36	34	3
36	35	1
36	36	3
36	37	3
36	38	3
36	39	1
36	4	1
36	40	3
36	41	2
36	42	1
36	43	1
36	44	1
36	45	3
36	46	1
36	47	3
36	48	3
36	49	3
36	5	2
36	50	2
36	51	2
36	52	2
36	53	1
36	54	3
36	55	2
36	56	3
36	57	2
36	58	2
36	59	3
36	6	1
36	7	3
36	8	1
36	9	2
37	1	1
37	10	1
37	11	3
37	12	1
37	13	1
37	14	2
37	15	3
37	16	3
37	17	2
37	18	1
37	19	3
37	2	3
37	20	3
37	21	3
37	22	3
37	23	3
37	24	1
37	25	1
37	26	3
37	27	3
37	28	3
37	29	3
37	3	3
37	30	3
37	31	3
37	32	2
37	33	3
37	34	1
37	35	1
37	36	3
37	37	1
37	4	3
37	5	2
37	6	3
37	7	3
37	8	1
37	9	1
38	1	2
38	10	1
38	11	1
38	12	2
38	13	1
38	14	1
38	15	1
38	16	3
38	17	2
38	18	1
38	19	2
38	2	1
38	20	1
38	21	1
38	22	1
38	23	2
38	24	1
38	25	3
38	26	1
38	27	3
38	28	1
38	29	2
38	3	2
38	30	1
38	31	1
38	32	1
38	33	1
38	34	1
38	35	1
38	36	1
38	37	2
38	38	2
38	39	1
38	4	3
38	40	1
38	42	1
38	43	1
38	44	1
38	45	1
38	46	1
38	47	2
38	48	2
38	49	3
38	5	1
38	50	2
38	51	1
38	52	1
38	53	1
38	54	3
38	55	1
38	56	3
38	57	3
38	58	1
38	59	1
38	6	3
38	7	1
38	8	3
38	9	1
39	1	1
39	10	1
39	11	2
39	12	1
39	13	1
39	14	2
39	15	3
39	16	1
39	17	2
39	18	1
39	19	1
39	2	1
39	20	1
39	21	1
39	22	1
39	24	3
39	25	2
39	26	1
39	27	3
39	28	2
39	29	2
39	3	2
39	30	2
39	31	2
39	32	1
39	33	2
39	34	2
39	35	1
39	36	3
39	37	2
39	38	1
39	39	2
39	4	1
39	40	2
39	41	2
39	42	3
39	43	3
39	44	1
39	45	2
39	46	1
39	47	3
39	5	1
39	6	2
39	7	1
39	8	1
39	9	2
4	1	3
4	10	3
4	11	2
4	12	3
4	13	3
4	14	2
4	15	3
4	16	1
4	17	2
4	18	3
4	19	1
4	2	1
4	20	3
4	21	1
4	22	1
4	23	1
4	24	1
4	25	2
4	26	2
4	27	1
4	28	1
4	29	1
4	3	3
4	4	3
4	5	1
4	6	2
4	7	3
4	8	3
4	9	3
40	1	3
40	10	1
40	11	1
40	12	1
40	13	1
40	14	3
40	15	1
40	16	1
40	17	1
40	18	1
40	2	1
40	20	1
40	21	1
40	22	2
40	23	1
40	24	1
40	25	1
40	26	2
40	27	1
40	28	1
40	29	1
40	3	1
40	30	1
40	31	1
40	32	1
40	4	3
40	5	1
40	6	3
40	7	1
40	8	1
40	9	1
41	1	1
41	10	1
41	11	3
41	12	1
41	13	2
41	14	1
41	15	3
41	16	2
41	17	1
41	18	1
41	19	3
41	2	1
41	20	1
41	21	1
41	22	2
41	24	1
41	25	3
41	26	1
41	27	1
41	28	1
41	29	3
41	3	2
41	30	2
41	31	1
41	32	3
41	33	1
41	34	2
41	35	1
41	36	1
41	37	3
41	38	1
41	39	3
41	4	1
41	40	1
41	41	1
41	42	2
41	43	1
41	44	1
41	45	3
41	46	2
41	47	3
41	48	3
41	49	3
41	5	3
41	50	1
41	51	1
41	52	1
41	53	1
41	54	1
41	55	1
41	56	1
41	57	1
41	58	3
41	59	1
41	6	3
41	60	2
41	7	1
41	8	1
41	9	1
42	1	3
42	10	3
42	11	3
42	12	1
42	13	1
42	14	2
42	15	2
42	16	1
42	17	3
42	18	1
42	19	3
42	2	1
42	20	3
42	21	1
42	22	1
42	23	3
42	24	1
42	25	1
42	26	1
42	27	1
42	28	2
42	29	3
42	3	1
42	30	1
42	31	1
42	32	3
42	33	1
42	34	2
42	35	1
42	36	1
42	37	3
42	38	3
42	39	1
42	4	3
42	40	3
42	41	2
42	42	1
42	43	1
42	44	1
42	45	3
42	46	3
42	47	2
42	48	2
42	49	1
42	5	1
42	50	2
42	51	1
42	52	1
42	53	1
42	54	1
42	55	2
42	56	1
42	57	1
42	58	3
42	6	3
42	7	3
42	8	1
42	9	1
43	1	1
43	10	2
43	11	3
43	12	1
43	13	2
43	14	2
43	15	3
43	16	1
43	17	1
43	18	3
43	19	3
43	2	2
43	20	1
43	21	1
43	23	1
43	24	3
43	26	2
43	27	3
43	28	2
43	29	1
43	3	2
43	30	1
43	31	1
43	32	2
43	33	1
43	34	1
43	35	3
43	36	1
43	37	3
43	38	1
43	39	1
43	4	3
43	40	3
43	41	2
43	42	1
43	43	1
43	44	1
43	45	3
43	46	1
43	47	3
43	48	2
43	49	1
43	5	3
43	50	1
43	51	3
43	52	3
43	53	1
43	54	2
43	55	3
43	56	2
43	57	1
43	58	1
43	59	3
43	6	1
43	60	2
43	61	3
43	62	1
43	63	1
43	64	1
43	65	1
43	66	3
43	67	1
43	68	1
43	69	1
43	7	3
43	70	2
43	71	1
43	72	3
43	73	1
43	74	3
43	75	1
43	76	3
43	77	1
43	78	3
43	79	1
43	8	3
43	80	2
43	81	3
43	82	3
43	83	3
43	84	3
43	9	3
44	1	3
44	10	3
44	11	1
44	12	2
44	13	3
44	14	3
44	15	3
44	16	3
44	17	3
44	18	3
44	19	3
44	2	3
44	20	2
44	21	3
44	22	3
44	23	3
44	25	2
44	26	3
44	27	3
44	28	2
44	29	1
44	3	2
44	30	3
44	31	3
44	32	2
44	33	3
44	34	1
44	36	2
44	37	2
44	38	1
44	39	3
44	4	3
44	40	3
44	41	1
44	42	2
44	43	1
44	44	3
44	5	2
44	6	2
44	7	3
44	8	2
44	9	1
45	1	1
45	10	2
45	11	2
45	12	1
45	13	3
45	14	3
45	16	3
45	17	2
45	18	1
45	19	3
45	2	2
45	20	3
45	21	1
45	22	3
45	23	3
45	24	1
45	25	3
45	26	3
45	27	2
45	28	3
45	29	3
45	3	2
45	30	3
45	31	3
45	32	2
45	33	2
45	34	1
45	35	1
45	36	1
45	37	2
45	38	2
45	39	2
45	4	2
45	40	2
45	41	2
45	43	3
45	44	1
45	45	3
45	46	3
45	47	2
45	48	2
45	49	1
45	5	3
45	50	2
45	51	3
45	52	2
45	53	3
45	54	1
45	55	3
45	6	1
45	7	2
45	8	1
45	9	3
46	1	3
46	10	3
46	11	3
46	12	2
46	13	2
46	14	3
46	15	2
46	16	2
46	17	3
46	18	3
46	19	3
46	2	3
46	20	2
46	21	1
46	22	3
46	23	1
46	24	3
46	25	3
46	26	2
46	27	1
46	28	1
46	29	3
46	3	3
46	30	2
46	31	1
46	32	3
46	33	3
46	34	1
46	35	1
46	36	2
46	37	2
46	38	2
46	39	2
46	4	2
46	40	3
46	41	1
46	42	2
46	43	1
46	5	3
46	6	3
46	7	1
46	8	2
46	9	2
47	1	2
47	10	2
47	11	2
47	12	3
47	13	3
47	14	2
47	15	3
47	16	3
47	17	2
47	18	3
47	19	3
47	2	1
47	20	3
47	21	2
47	22	2
47	23	2
47	24	3
47	25	1
47	26	2
47	27	2
47	28	3
47	29	3
47	3	3
47	30	2
47	31	3
47	32	3
47	33	3
47	34	2
47	35	3
47	36	2
47	37	3
47	38	2
47	39	2
47	4	3
47	40	2
47	41	3
47	42	1
47	43	1
47	44	1
47	45	3
47	46	3
47	47	1
47	48	3
47	49	3
47	5	3
47	6	3
47	7	3
47	8	2
47	9	2
48	1	1
48	11	1
48	12	1
48	13	3
48	14	2
48	4	2
48	5	2
48	6	3
48	8	3
48	9	2
49	1	3
49	10	1
49	11	1
49	12	1
49	13	1
49	14	1
49	15	1
49	16	1
49	17	3
49	18	1
49	19	3
49	2	3
49	3	3
49	5	2
49	6	1
49	7	1
49	8	3
49	9	3
5	1	1
5	10	2
5	11	1
5	12	1
5	13	1
5	14	2
5	15	3
5	16	2
5	17	3
5	18	1
5	19	2
5	2	1
5	20	2
5	21	1
5	22	1
5	23	3
5	24	1
5	25	3
5	26	1
5	27	1
5	28	1
5	29	1
5	3	1
5	30	3
5	31	1
5	32	2
5	33	3
5	34	2
5	35	1
5	36	1
5	37	1
5	38	1
5	39	1
5	4	1
5	40	2
5	5	1
5	6	3
5	8	1
5	9	1
50	1	1
50	10	3
50	11	3
50	2	1
50	3	1
50	4	1
50	5	1
50	6	1
50	7	1
50	8	1
50	9	1
51	1	3
51	10	3
51	11	3
51	12	1
51	13	2
51	14	2
51	15	2
51	16	2
51	17	2
51	18	1
51	19	3
51	2	2
51	21	1
51	22	1
51	23	3
51	24	2
51	25	1
51	26	3
51	27	3
51	28	3
51	29	2
51	30	1
51	31	1
51	32	1
51	33	1
51	34	3
51	35	3
51	36	1
51	37	2
51	38	2
51	4	1
51	5	3
51	6	1
51	7	3
51	8	3
51	9	3
52	1	1
52	10	3
52	11	1
52	12	2
52	13	2
52	14	1
52	16	1
52	17	3
52	18	1
52	19	1
52	2	1
52	20	2
52	21	2
52	22	3
52	23	1
52	24	1
52	25	2
52	26	3
52	27	1
52	28	3
52	29	2
52	3	3
52	30	1
52	32	2
52	33	1
52	34	1
52	35	2
52	36	1
52	37	2
52	38	3
52	4	3
52	40	3
52	41	1
52	42	3
52	43	3
52	5	1
52	6	2
52	7	1
52	8	1
52	9	2
53	1	1
53	10	1
53	11	3
53	12	2
53	13	1
53	14	1
53	15	3
53	16	2
53	17	3
53	18	3
53	19	1
53	2	1
53	20	3
53	21	1
53	23	2
53	24	3
53	25	1
53	26	3
53	27	1
53	28	2
53	29	1
53	30	1
53	31	2
53	32	1
53	33	1
53	34	1
53	35	1
53	36	1
53	37	1
53	38	1
53	39	1
53	4	2
53	40	2
53	41	2
53	42	2
53	43	1
53	44	3
53	45	3
53	46	1
53	47	1
53	48	3
53	49	3
53	5	1
53	50	1
53	51	3
53	52	1
53	53	3
53	54	3
53	55	1
53	56	3
53	57	1
53	58	3
53	59	2
53	6	2
53	60	3
53	61	1
53	62	2
53	64	3
53	65	3
53	66	3
53	67	2
53	7	2
53	8	3
53	9	3
54	1	2
54	10	2
54	11	1
54	12	1
54	13	2
54	14	1
54	15	1
54	17	2
54	18	3
54	19	3
54	2	1
54	20	2
54	21	3
54	22	3
54	23	3
54	24	2
54	25	1
54	26	3
54	27	2
54	28	2
54	29	2
54	3	1
54	30	2
54	31	1
54	32	1
54	4	3
54	5	1
54	6	3
54	7	2
54	8	1
54	9	1
55	1	2
55	10	3
55	11	2
55	12	3
55	13	1
55	14	1
55	15	2
55	16	1
55	17	2
55	18	1
55	19	2
55	2	1
55	20	1
55	21	2
55	22	2
55	23	1
55	24	2
55	25	2
55	26	1
55	27	1
55	28	2
55	29	1
55	3	1
55	30	1
55	31	3
55	32	2
55	33	1
55	34	2
55	35	3
55	36	2
55	37	1
55	38	3
55	39	3
55	4	2
55	40	2
55	41	1
55	42	2
55	43	1
55	44	1
55	5	3
55	6	3
55	7	1
55	8	1
55	9	3
56	1	1
56	10	3
56	11	1
56	12	2
56	13	3
56	14	3
56	15	3
56	17	2
56	18	1
56	19	2
56	2	1
56	21	2
56	22	3
56	23	3
56	24	3
56	25	1
56	26	1
56	27	1
56	28	1
56	29	3
56	3	1
56	30	2
56	31	3
56	32	1
56	4	1
56	5	1
56	6	1
56	7	2
56	8	1
56	9	1
57	1	2
57	10	2
57	11	1
57	12	3
57	13	2
57	14	1
57	15	1
57	16	1
57	17	3
57	18	3
57	19	3
57	2	2
57	20	1
57	21	3
57	22	1
57	23	3
57	24	1
57	25	1
57	26	2
57	27	2
57	28	3
57	29	3
57	3	1
57	30	2
57	31	2
57	32	1
57	33	1
57	34	2
57	35	3
57	36	2
57	37	1
57	38	2
57	39	2
57	4	2
57	40	2
57	41	1
57	42	3
57	43	3
57	44	2
57	45	2
57	47	2
57	48	1
57	49	2
57	5	3
57	50	3
57	51	2
57	52	1
57	53	2
57	54	1
57	55	2
57	56	1
57	57	1
57	58	1
57	59	1
57	6	1
57	60	3
57	61	2
57	62	1
57	63	3
57	64	1
57	65	2
57	66	1
57	67	2
57	68	3
57	69	1
57	7	1
57	70	3
57	71	2
57	72	1
57	73	2
57	74	1
57	75	1
57	76	2
57	77	1
57	78	2
57	8	2
57	9	1
58	1	2
58	10	1
58	11	1
58	12	3
58	13	1
58	14	1
58	15	1
58	16	1
58	17	2
58	18	1
58	2	2
58	20	3
58	21	3
58	22	1
58	23	1
58	24	3
58	25	2
58	26	1
58	27	3
58	28	3
58	29	1
58	3	3
58	30	2
58	31	1
58	32	3
58	33	2
58	34	1
58	35	1
58	36	1
58	37	1
58	38	1
58	39	3
58	4	2
58	40	1
58	41	2
58	42	1
58	44	2
58	45	2
58	46	1
58	47	3
58	48	3
58	49	3
58	5	2
58	50	3
58	51	2
58	52	2
58	53	2
58	54	1
58	55	1
58	56	3
58	57	2
58	58	2
58	59	3
58	6	2
58	60	1
58	61	3
58	62	1
58	63	3
58	64	3
58	65	1
58	66	3
58	67	2
58	68	3
58	69	3
58	7	2
58	70	1
58	71	2
58	72	1
58	73	3
58	74	3
58	75	3
58	76	3
58	77	3
58	8	3
58	9	2
59	1	1
59	10	3
59	11	3
59	12	1
59	13	1
59	14	1
59	15	3
59	16	1
59	17	2
59	18	2
59	19	1
59	2	3
59	20	3
59	21	1
59	22	2
59	23	1
59	24	2
59	25	1
59	26	2
59	27	3
59	28	1
59	29	3
59	3	1
59	30	1
59	31	3
59	32	1
59	33	1
59	34	2
59	35	3
59	36	2
59	37	3
59	38	1
59	39	1
59	4	2
59	40	1
59	41	1
59	42	2
59	43	2
59	44	1
59	45	1
59	46	3
59	47	3
59	48	3
59	49	1
59	5	1
59	50	2
59	51	1
59	52	3
59	53	1
59	6	1
59	7	1
59	8	1
59	9	3
6	1	3
6	10	2
6	11	1
6	12	1
6	13	2
6	14	3
6	15	3
6	16	2
6	17	3
6	18	2
6	19	2
6	2	2
6	20	1
6	21	1
6	22	3
6	23	3
6	24	3
6	25	3
6	26	1
6	27	1
6	28	1
6	29	1
6	3	3
6	30	1
6	31	2
6	32	3
6	33	3
6	34	3
6	35	2
6	4	1
6	5	1
6	6	1
6	7	3
6	8	3
6	9	3
60	12	2
60	13	3
60	14	2
60	15	3
60	16	1
60	17	2
60	18	3
60	19	1
60	2	3
60	20	1
60	21	1
60	22	1
60	23	1
60	24	1
60	25	2
60	26	3
60	27	1
60	28	3
60	29	3
60	3	3
60	30	1
60	31	3
60	32	1
60	33	3
60	34	1
60	35	1
60	36	1
60	37	1
60	39	3
60	4	1
60	40	3
60	41	1
60	42	1
60	43	1
60	44	3
60	45	1
60	46	2
60	47	3
60	48	3
60	5	1
60	50	3
60	51	2
60	52	3
60	6	2
60	7	3
60	8	1
60	9	2
61	1	3
61	10	1
61	11	1
61	12	3
61	13	1
61	14	3
61	15	1
61	16	3
61	17	1
61	18	2
61	19	3
61	2	3
61	20	3
61	21	2
61	22	1
61	23	1
61	24	1
61	25	2
61	26	1
61	27	3
61	28	1
61	29	1
61	3	3
61	30	3
61	31	1
61	32	1
61	33	3
61	34	1
61	35	1
61	36	1
61	37	1
61	38	1
61	39	1
61	4	1
61	40	1
61	41	1
61	42	1
61	43	2
61	44	1
61	45	3
61	46	1
61	47	1
61	5	3
61	6	1
61	7	1
61	8	1
61	9	1
62	1	2
62	10	1
62	11	3
62	12	1
62	13	1
62	14	3
62	15	1
62	16	1
62	17	1
62	18	2
62	19	1
62	2	1
62	20	2
62	21	1
62	22	2
62	23	1
62	24	3
62	25	1
62	26	3
62	27	1
62	28	2
62	29	1
62	3	3
62	30	2
62	31	1
62	32	1
62	33	3
62	34	3
62	35	3
62	36	2
62	37	1
62	38	3
62	39	3
62	4	1
62	40	1
62	5	1
62	6	1
62	7	1
62	8	1
62	9	1
63	1	1
63	10	3
63	11	1
63	12	1
63	13	1
63	14	1
63	15	3
63	16	2
63	17	1
63	18	1
63	19	1
63	2	1
63	20	1
63	21	1
63	22	3
63	23	1
63	24	1
63	25	1
63	26	2
63	27	1
63	28	1
63	29	2
63	3	1
63	30	3
63	31	2
63	32	1
63	33	1
63	34	3
63	35	1
63	36	3
63	37	1
63	38	1
63	39	3
63	4	3
63	40	1
63	41	3
63	42	1
63	43	3
63	44	3
63	45	1
63	46	2
63	47	3
63	48	1
63	5	1
63	6	1
63	7	1
63	8	1
63	9	2
64	1	2
64	10	3
64	11	3
64	12	1
64	13	3
64	14	1
64	15	3
64	16	1
64	17	1
64	18	3
64	19	1
64	2	1
64	20	1
64	21	3
64	22	1
64	23	1
64	24	2
64	25	3
64	26	1
64	27	2
64	28	3
64	29	2
64	30	3
64	31	3
64	32	2
64	33	3
64	34	1
64	35	1
64	36	1
64	37	1
64	4	1
64	5	1
64	6	1
64	8	3
64	9	3
65	1	3
65	10	1
65	11	3
65	12	3
65	13	3
65	14	1
65	15	2
65	16	2
65	17	3
65	18	1
65	19	3
65	2	1
65	20	1
65	21	2
65	22	3
65	23	3
65	24	3
65	25	3
65	26	3
65	27	3
65	28	2
65	29	2
65	3	1
65	30	3
65	31	1
65	32	3
65	33	3
65	4	3
65	5	3
65	6	3
65	7	1
65	8	3
65	9	2
66	1	1
66	10	1
66	11	1
66	12	2
66	13	3
66	14	2
66	15	1
66	16	1
66	17	3
66	18	1
66	19	1
66	2	1
66	20	3
66	21	3
66	22	3
66	23	1
66	24	2
66	25	2
66	26	3
66	27	3
66	28	3
66	29	1
66	3	1
66	30	1
66	31	2
66	32	3
66	33	3
66	34	1
66	35	3
66	36	2
66	37	3
66	38	1
66	39	2
66	4	2
66	41	2
66	42	3
66	43	1
66	44	1
66	45	3
66	46	1
66	47	1
66	48	1
66	49	1
66	5	1
66	50	2
66	51	2
66	52	1
66	53	3
66	54	3
66	55	1
66	56	2
66	6	3
66	7	3
66	8	3
66	9	1
67	1	3
67	10	2
67	11	2
67	12	3
67	13	3
67	14	1
67	15	2
67	16	2
67	17	3
67	18	3
67	19	2
67	2	1
67	20	3
67	21	1
67	22	1
67	23	1
67	24	1
67	25	3
67	26	3
67	27	1
67	28	1
67	29	3
67	3	3
67	30	1
67	31	2
67	32	1
67	33	3
67	34	2
67	35	2
67	36	3
67	37	1
67	38	1
67	39	2
67	4	1
67	5	3
67	6	3
67	7	1
67	8	2
67	9	2
68	10	2
68	11	2
68	12	2
68	13	3
68	14	1
68	15	1
68	16	1
68	2	1
68	3	1
68	4	3
68	5	1
68	6	1
68	7	3
68	8	3
68	9	2
69	1	1
69	10	3
69	11	2
69	12	3
69	13	3
69	14	2
69	15	2
69	16	3
69	17	1
69	18	1
69	19	1
69	2	1
69	20	3
69	3	1
69	4	2
69	6	3
69	7	1
69	8	3
69	9	1
7	1	3
7	2	1
7	4	1
7	5	3
70	1	1
70	10	3
70	11	1
70	12	2
70	13	1
70	14	1
70	15	1
70	16	1
70	17	1
70	18	1
70	19	3
70	20	1
70	21	1
70	22	1
70	3	1
70	4	1
70	5	1
70	6	1
70	7	3
70	8	1
70	9	1
71	10	1
71	11	1
71	12	3
71	13	1
71	14	3
71	15	1
71	16	3
71	17	3
71	18	3
71	19	1
71	2	3
71	20	1
71	21	2
71	22	3
71	23	3
71	24	1
71	25	1
71	26	3
71	27	1
71	28	2
71	29	1
71	3	1
71	30	1
71	31	3
71	32	1
71	33	1
71	34	1
71	35	3
71	36	1
71	4	3
71	5	1
71	6	1
71	7	1
71	8	1
71	9	1
72	1	1
72	10	3
72	11	2
72	12	3
72	13	2
72	14	3
72	15	1
72	16	2
72	17	2
72	18	1
72	19	1
72	2	3
72	20	1
72	21	3
72	22	2
72	23	3
72	24	2
72	25	3
72	26	3
72	27	3
72	28	3
72	29	2
72	3	3
72	30	2
72	31	3
72	32	3
72	33	1
72	34	3
72	35	3
72	36	3
72	37	1
72	39	2
72	4	2
72	5	2
72	6	2
72	7	1
72	8	3
72	9	1
73	1	1
73	10	3
73	11	3
73	12	1
73	13	2
73	14	2
73	15	1
73	16	3
73	2	1
73	3	3
73	4	3
73	5	1
73	6	3
73	7	2
73	8	2
73	9	2
74	1	2
74	10	3
74	11	2
74	12	1
74	13	2
74	14	3
74	15	2
74	16	3
74	17	3
74	18	1
74	19	2
74	2	2
74	20	2
74	21	3
74	22	3
74	23	2
74	24	1
74	25	3
74	26	1
74	27	3
74	28	1
74	29	1
74	30	2
74	31	3
74	32	1
74	33	3
74	34	3
74	35	3
74	36	3
74	37	1
74	38	2
74	39	2
74	4	2
74	40	1
74	5	2
74	6	3
74	7	1
74	8	2
74	9	2
75	1	1
75	10	3
75	11	2
75	12	3
75	13	1
75	14	3
75	15	2
75	16	3
75	17	2
75	18	3
75	19	2
75	2	3
75	20	1
75	21	2
75	22	1
75	23	3
75	24	1
75	25	1
75	26	3
75	27	3
75	28	3
75	29	1
75	3	1
75	30	3
75	31	3
75	32	3
75	33	3
75	34	2
75	35	1
75	4	3
75	5	3
75	6	3
75	7	2
75	8	3
76	1	3
76	10	3
76	11	2
76	12	3
76	13	2
76	14	1
76	15	2
76	16	2
76	17	1
76	18	2
76	2	1
76	20	1
76	21	2
76	22	3
76	23	2
76	24	2
76	25	1
76	26	2
76	27	3
76	28	3
76	29	3
76	3	3
76	30	3
76	31	3
76	32	3
76	33	2
76	34	1
76	36	2
76	37	1
76	38	3
76	39	3
76	4	3
76	40	2
76	41	3
76	42	1
76	43	3
76	44	1
76	45	1
76	5	2
76	6	3
76	7	3
76	8	3
76	9	3
77	1	1
77	10	3
77	11	2
77	12	3
77	13	2
77	14	1
77	15	3
77	16	3
77	17	2
77	18	2
77	19	3
77	2	2
77	20	1
77	21	2
77	22	2
77	23	1
77	24	1
77	25	3
77	26	2
77	27	1
77	28	2
77	29	3
77	3	2
77	30	1
77	31	2
77	32	3
77	33	3
77	34	1
77	35	1
77	36	3
77	37	1
77	38	2
77	39	1
77	4	1
77	40	1
77	41	3
77	42	3
77	43	3
77	44	2
77	45	3
77	46	3
77	47	3
77	48	2
77	49	2
77	5	1
77	50	3
77	51	3
77	52	3
77	53	3
77	54	2
77	55	3
77	56	3
77	6	1
77	7	2
77	8	2
77	9	2
78	1	1
78	10	3
78	11	2
78	12	1
78	13	3
78	14	3
78	15	1
78	16	3
78	17	1
78	18	2
78	19	2
78	2	3
78	20	3
78	21	2
78	22	1
78	23	3
78	24	1
78	25	3
78	26	2
78	27	3
78	28	3
78	29	3
78	3	1
78	30	3
78	31	3
78	4	1
78	5	3
78	6	1
78	7	3
78	8	3
78	9	1
79	1	3
79	10	3
79	11	3
79	12	2
79	13	3
79	14	3
79	15	3
79	16	2
79	17	1
79	18	1
79	19	1
79	2	1
79	20	1
79	21	1
79	22	1
79	23	1
79	24	3
79	25	3
79	26	1
79	27	3
79	28	3
79	29	3
79	3	1
79	30	1
79	31	1
79	32	1
79	33	1
79	34	1
79	36	3
79	37	2
79	38	1
79	39	3
79	4	2
79	40	2
79	41	1
79	42	3
79	5	3
79	6	1
79	7	3
79	8	1
79	9	2
8	1	1
8	2	1
8	3	3
8	4	1
8	5	1
8	6	1
8	7	1
8	8	3
8	9	3
80	1	3
80	10	1
80	11	1
80	12	3
80	13	1
80	14	1
80	15	3
80	16	2
80	17	1
80	18	1
80	19	1
80	2	2
80	21	3
80	3	1
80	4	3
80	5	2
80	6	3
80	7	3
80	8	3
80	9	3
81	1	1
81	10	1
81	11	2
81	12	3
81	13	3
81	14	3
81	15	1
81	17	1
81	18	1
81	19	3
81	2	2
81	20	3
81	21	2
81	22	2
81	23	3
81	24	1
81	25	1
81	26	1
81	27	3
81	28	1
81	29	2
81	3	2
81	30	3
81	31	1
81	32	2
81	33	1
81	34	3
81	35	1
81	36	1
81	37	1
81	38	3
81	39	3
81	4	3
81	5	3
81	6	1
81	7	2
81	8	2
81	9	3
82	1	3
82	10	1
82	11	1
82	12	1
82	13	2
82	14	1
82	15	3
82	16	2
82	17	3
82	18	2
82	19	3
82	2	2
82	20	2
82	21	1
82	22	1
82	23	3
82	24	2
82	25	3
82	26	3
82	27	2
82	28	1
82	29	3
82	3	1
82	30	2
82	31	1
82	32	3
82	33	1
82	34	1
82	35	1
82	36	2
82	37	1
82	38	3
82	39	3
82	4	2
82	40	1
82	41	1
82	42	2
82	43	3
82	44	3
82	45	1
82	46	3
82	47	1
82	48	1
82	49	3
82	5	2
82	50	1
82	51	1
82	52	1
82	53	2
82	54	2
82	55	3
82	6	3
82	7	2
82	8	2
82	9	1
83	1	1
83	10	1
83	11	1
83	12	1
83	13	1
83	14	1
83	15	1
83	16	1
83	17	1
83	18	2
83	19	3
83	2	2
83	20	1
83	21	1
83	22	3
83	23	1
83	24	3
83	25	3
83	26	2
83	27	3
83	28	2
83	29	1
83	3	2
83	30	2
83	31	1
83	32	2
83	33	1
83	34	1
83	35	1
83	36	3
83	37	3
83	38	1
83	39	2
83	4	1
83	40	1
83	41	1
83	42	2
83	43	1
83	44	3
83	45	1
83	46	1
83	47	1
83	48	2
83	49	3
83	5	2
83	6	1
83	7	1
83	8	1
83	9	2
84	1	1
84	2	1
84	4	3
84	5	1
84	6	1
84	7	1
84	8	3
84	9	1
85	1	3
85	10	3
85	11	1
85	12	3
85	13	3
85	14	3
85	15	3
85	16	1
85	17	3
85	18	1
85	19	2
85	2	3
85	20	1
85	21	1
85	22	1
85	23	3
85	24	1
85	3	1
85	4	1
85	5	3
85	6	1
85	7	1
85	8	1
85	9	3
86	1	1
86	10	2
86	11	3
86	12	3
86	13	3
86	14	1
86	15	1
86	16	2
86	17	2
86	18	1
86	19	1
86	2	1
86	20	3
86	21	3
86	22	3
86	23	3
86	24	3
86	25	2
86	26	3
86	27	2
86	28	2
86	29	3
86	3	3
86	30	2
86	31	3
86	32	3
86	33	3
86	35	3
86	4	1
86	5	3
86	6	1
86	7	1
86	8	2
86	9	2
87	1	1
87	10	1
87	11	1
87	2	2
87	3	3
87	4	3
87	5	3
87	6	3
87	7	1
87	8	3
87	9	3
88	1	2
88	10	2
88	11	3
88	12	2
88	13	3
88	14	1
88	15	3
88	16	1
88	17	1
88	18	1
88	19	3
88	2	3
88	20	1
88	21	2
88	22	3
88	23	1
88	24	3
88	25	3
88	26	3
88	27	3
88	28	3
88	29	2
88	3	3
88	30	2
88	4	1
88	5	2
88	6	1
88	7	1
88	8	2
88	9	2
89	1	2
89	10	2
89	11	3
89	12	2
89	13	3
89	14	1
89	15	2
89	16	2
89	17	3
89	18	3
89	19	1
89	2	1
89	20	3
89	21	1
89	22	3
89	23	2
89	24	2
89	25	3
89	26	2
89	27	3
89	28	3
89	29	1
89	3	2
89	30	2
89	31	3
89	32	3
89	33	3
89	34	1
89	4	3
89	5	1
89	6	1
89	7	3
89	8	1
89	9	3
9	1	3
9	10	3
9	11	1
9	12	3
9	2	3
9	3	1
9	4	1
9	5	3
9	6	2
9	7	3
9	8	1
9	9	1
90	1	1
90	10	2
90	11	3
90	13	3
90	14	3
90	2	1
90	3	3
90	4	1
90	5	3
90	6	3
90	7	2
90	8	1
90	9	2
91	10	3
91	11	1
91	12	1
91	13	1
91	14	3
91	15	3
91	16	1
91	17	3
91	18	2
91	19	2
91	2	3
91	20	3
91	21	3
91	22	1
91	23	1
91	24	1
91	25	3
91	27	2
91	28	1
91	29	3
91	3	3
91	30	3
91	31	3
91	33	3
91	34	1
91	35	3
91	36	1
91	37	1
91	38	1
91	39	1
91	4	2
91	40	2
91	41	3
91	42	2
91	5	3
91	6	1
91	7	1
91	8	3
91	9	3
92	1	3
92	10	2
92	11	1
92	12	3
92	13	2
92	14	1
92	15	2
92	16	1
92	17	3
92	18	3
92	19	3
92	2	1
92	20	3
92	21	3
92	22	3
92	23	2
92	24	1
92	25	1
92	26	3
92	27	1
92	28	1
92	29	1
92	3	3
92	30	1
92	31	1
92	32	1
92	33	3
92	34	3
92	35	3
92	36	1
92	37	3
92	38	1
92	39	3
92	4	3
92	40	1
92	41	3
92	42	1
92	43	3
92	5	1
92	6	1
92	7	2
92	8	1
92	9	1
93	1	2
93	10	1
93	11	2
93	12	3
93	13	2
93	14	1
93	15	2
93	16	1
93	17	1
93	18	1
93	19	2
93	2	3
93	20	2
93	21	1
93	22	1
93	23	3
93	24	2
93	25	1
93	26	2
93	27	1
93	28	2
93	29	3
93	3	1
93	30	1
93	31	2
93	33	1
93	34	2
93	35	2
93	36	2
93	37	2
93	38	1
93	39	3
93	4	1
93	40	1
93	41	2
93	42	2
93	43	1
93	44	1
93	45	1
93	46	1
93	47	3
93	48	2
93	49	2
93	5	1
93	50	1
93	51	3
93	52	3
93	53	3
93	54	2
93	55	3
93	56	3
93	57	3
93	58	3
93	59	3
93	6	2
93	60	1
93	61	3
93	62	2
93	7	1
93	8	1
93	9	1
94	1	3
94	10	1
94	11	3
94	12	3
94	13	3
94	14	2
94	15	1
94	16	1
94	17	1
94	18	1
94	2	3
94	20	1
94	21	3
94	22	3
94	23	1
94	24	2
94	25	1
94	26	1
94	27	3
94	28	3
94	29	1
94	3	3
94	30	3
94	31	2
94	32	3
94	4	3
94	5	3
94	6	1
94	7	3
94	8	1
94	9	3
95	1	2
95	10	3
95	11	3
95	12	2
95	13	3
95	14	2
95	15	3
95	16	1
95	17	1
95	18	2
95	19	1
95	2	1
95	20	3
95	21	3
95	22	1
95	23	3
95	24	3
95	25	3
95	26	3
95	27	2
95	3	1
95	4	3
95	5	1
95	6	1
95	7	3
95	8	3
95	9	3
96	1	3
96	10	3
96	11	3
96	12	3
96	13	3
96	14	1
96	15	1
96	16	3
96	17	3
96	18	1
96	19	1
96	2	1
96	20	3
96	21	1
96	22	1
96	23	1
96	24	2
96	25	3
96	26	1
96	27	2
96	28	2
96	29	3
96	3	2
96	4	3
96	5	3
96	6	1
96	7	1
96	8	3
96	9	1
97	1	2
97	10	2
97	11	1
97	12	2
97	13	1
97	14	1
97	15	2
97	16	1
97	17	1
97	18	1
97	19	1
97	2	1
97	20	2
97	21	3
97	22	1
97	23	1
97	24	1
97	25	2
97	26	2
97	27	3
97	28	3
97	29	1
97	3	3
97	30	3
97	31	1
97	32	3
97	33	3
97	34	1
97	35	1
97	36	1
97	37	1
97	38	1
97	39	1
97	4	1
97	40	3
97	41	2
97	42	2
97	43	3
97	44	1
97	45	3
97	46	1
97	47	1
97	48	1
97	49	1
97	5	1
97	50	2
97	51	2
97	52	3
97	53	3
97	54	3
97	55	1
97	56	2
97	57	1
97	58	3
97	59	1
97	6	3
97	60	1
97	61	1
97	62	1
97	63	1
97	7	1
97	8	1
97	9	3
98	1	1
98	10	3
98	11	1
98	12	3
98	13	2
98	14	1
98	15	3
98	16	3
98	17	3
98	18	1
98	19	1
98	2	2
98	20	3
98	21	1
98	22	3
98	23	2
98	24	3
98	25	1
98	26	3
98	27	2
98	28	1
98	29	1
98	3	1
98	30	3
98	31	3
98	32	2
98	33	1
98	34	2
98	35	1
98	36	1
98	37	3
98	38	1
98	39	3
98	4	1
98	40	1
98	41	1
98	42	3
98	43	3
98	5	3
98	6	1
98	7	1
98	8	1
98	9	1
99	1	1
99	10	1
99	11	1
99	12	3
99	13	2
99	14	3
99	15	3
99	16	3
99	17	3
99	18	2
99	19	3
99	2	3
99	20	3
99	3	2
99	4	2
99	5	1
99	6	1
99	7	1
99	8	2
99	9	3
